{
 "cells": [
  {
   "cell_type": "code",
   "execution_count": 2,
   "metadata": {
    "collapsed": false
   },
   "outputs": [],
   "source": [
    "import itertools\n",
    "import pandas as pd\n",
    "import numpy as np\n",
    "import matplotlib.pyplot as plt\n",
    "import warnings\n",
    "warnings.simplefilter('ignore', DeprecationWarning)\n",
    "%matplotlib inline \n",
    "%load_ext memory_profiler\n",
    "from sklearn.metrics import make_scorer\n",
    "from scipy.special import expit\n",
    "import time\n",
    "import math\n",
    "import random\n",
    "from memory_profiler import memory_usage\n",
    "from sklearn import metrics as mt\n",
    "from sklearn.neural_network import MLPClassifier\n",
    "from sklearn.model_selection import StratifiedKFold\n",
    "\n",
    "\n",
    "\n",
    "from sklearn.decomposition import PCA\n",
    "from sklearn.pipeline import Pipeline\n",
    "from sklearn.model_selection import GridSearchCV\n",
    "\n",
    "target_classifier = 'PC'\n",
    "df = pd.read_csv('responses.csv', sep=\",\")"
   ]
  },
  {
   "cell_type": "code",
   "execution_count": 3,
   "metadata": {
    "collapsed": true
   },
   "outputs": [],
   "source": [
    "# remove rows whose target classfier value is NaN\n",
    "df_cleaned_classifier = df[np.isfinite(df[target_classifier])]\n",
    "# change NaN number values to the mean\n",
    "df_imputed = df_cleaned_classifier.fillna(df.mean())\n",
    "# get categorical features\n",
    "object_features = list(df_cleaned_classifier.select_dtypes(include=['object']).columns)\n",
    "# one hot encode categorical features\n",
    "one_hot_df = pd.concat([pd.get_dummies(df_imputed[col],prefix=col) for col in object_features], axis=1)\n",
    "# drop object features from imputed dataframe\n",
    "df_imputed_dropped = df_imputed.drop(object_features, 1)\n",
    "frames = [df_imputed_dropped, one_hot_df]\n",
    "# concatenate both frames by columns\n",
    "df_fixed = pd.concat(frames, axis=1)"
   ]
  },
  {
   "cell_type": "code",
   "execution_count": 4,
   "metadata": {
    "collapsed": false
   },
   "outputs": [
    {
     "data": {
      "text/plain": [
       "make_scorer(get_confusion_costTot, greater_is_better=False)"
      ]
     },
     "execution_count": 4,
     "metadata": {},
     "output_type": "execute_result"
    }
   ],
   "source": [
    "# Research on Cost Matrix\n",
    "# http://www.ibm.com/support/knowledgecenter/SSEPGG_11.1.0/com.ibm.im.model.doc/c_cost_matrix.html\n",
    "\n",
    "cost_matrix = np.matrix([[0,1,2,3,4],\n",
    "[1,0,1,2,3],\n",
    "[3,1,0,1,2],\n",
    "[5,3,1,0,1],\n",
    "[7,5,2,1,0]])\n",
    "\n",
    "def get_confusion_costTot(confusion_matrix, cost_matrix):\n",
    "    score = np.sum(confusion_matrix*cost_matrix)\n",
    "    return score\n",
    "\n",
    "confusion_scorer = make_scorer(get_confusion_costTot, greater_is_better=False)\n",
    "confusion_scorer"
   ]
  },
  {
   "cell_type": "code",
   "execution_count": 5,
   "metadata": {
    "collapsed": false
   },
   "outputs": [
    {
     "name": "stdout",
     "output_type": "stream",
     "text": [
      "StratifiedKFold(n_splits=10, random_state=None, shuffle=True)\n"
     ]
    }
   ],
   "source": [
    "from sklearn.model_selection import ShuffleSplit\n",
    "\n",
    "# we want to predict the X and y data as follows:\n",
    "if target_classifier in df_fixed:\n",
    "    y = df_fixed[target_classifier].values # get the labels we want\n",
    "    del df_fixed[target_classifier] # get rid of the class label\n",
    "    X = df_fixed.values # use everything else to predict!\n",
    "\n",
    "X = X/5\n",
    "num_folds = 10\n",
    "\n",
    "cv_object = StratifiedKFold(n_splits= num_folds, random_state=None, shuffle=True)\n",
    "cv_object.split(X,y)\n",
    "\n",
    "print(cv_object)"
   ]
  },
  {
   "cell_type": "code",
   "execution_count": 6,
   "metadata": {
    "collapsed": false
   },
   "outputs": [],
   "source": [
    "for train_indices, test_indices in cv_object.split(X,y): \n",
    "        # I will create new variables here so that it is more obvious what \n",
    "        # the code is doing (you can compact this syntax and avoid duplicating memory,\n",
    "        # but it makes this code less readable)\n",
    "        X_train = (X[train_indices])\n",
    "        y_train = y[train_indices]\n",
    "\n",
    "    #     print(X_train)\n",
    "    #     print(y_train)\n",
    "\n",
    "        X_test = (X[test_indices])\n",
    "        y_test = y[test_indices]"
   ]
  },
  {
   "cell_type": "code",
   "execution_count": 7,
   "metadata": {
    "collapsed": false
   },
   "outputs": [],
   "source": [
    "\n",
    "\n",
    "\n",
    "clf = MLPClassifier()\n",
    "    \n",
    "\n"
   ]
  },
  {
   "cell_type": "code",
   "execution_count": 8,
   "metadata": {
    "collapsed": false
   },
   "outputs": [],
   "source": [
    "from sklearn.ensemble import BaggingClassifier\n",
    "\n",
    "class MyEnsemble():\n",
    "    \n",
    "    def __init__(self, c, num_c, max_s, v):\n",
    "        self.Ensemble = BaggingClassifier(base_estimator= c,\n",
    "                                    n_estimators = num_c,\n",
    "                                     max_samples = max_s,\n",
    "                                     verbose = v)\n",
    "    def predict(self, X):\n",
    "        return self.Ensemble.predict(X)\n",
    "    \n",
    "    def fit(self, X,y):\n",
    "        self.Ensemble.fit(X,y)\n",
    "        \n",
    "        \n",
    "    def predict_proba(self, X):\n",
    "        return self.Ensemble.predict_proba(X)"
   ]
  },
  {
   "cell_type": "code",
   "execution_count": 9,
   "metadata": {
    "collapsed": false
   },
   "outputs": [
    {
     "name": "stdout",
     "output_type": "stream",
     "text": [
      "[[ 2  0  1  0  0]\n",
      " [ 7 12  5  2  1]\n",
      " [ 4  6 10  7  5]\n",
      " [ 0  1  4  6  4]\n",
      " [ 0  1  5  5 10]]\n",
      "(906, 172)\n"
     ]
    }
   ],
   "source": [
    "num_instances = 10\n",
    "\n",
    "\n",
    "ensemble = MyEnsemble(clf, 10,y_train.shape[0],False)\n",
    "\n",
    "ensemble.fit(X_train,y_train)\n",
    "ensemble_y_hat = ensemble.predict(X_test)\n",
    "# print(y_hat)\n",
    "print(mt.confusion_matrix(ensemble_y_hat,y_test))\n",
    "\n",
    "print(X_train.shape)"
   ]
  },
  {
   "cell_type": "code",
   "execution_count": 10,
   "metadata": {
    "collapsed": false
   },
   "outputs": [
    {
     "data": {
      "text/plain": [
       "array([[  1.30124009e-01,   1.36394680e-01,   1.32388344e-01,\n",
       "          4.11404595e-01,   1.89688372e-01],\n",
       "       [  2.10076883e-01,   2.68524820e-01,   1.59159311e-01,\n",
       "          2.83123319e-01,   7.91156674e-02],\n",
       "       [  1.24388693e-01,   1.30880250e-01,   5.08023523e-01,\n",
       "          2.03174929e-01,   3.35326040e-02],\n",
       "       [  4.54253927e-03,   4.13157086e-02,   8.06101339e-02,\n",
       "          5.01088453e-01,   3.72443165e-01],\n",
       "       [  3.47497381e-02,   1.15726046e-01,   3.35670426e-01,\n",
       "          3.48024486e-01,   1.65829305e-01],\n",
       "       [  1.82202183e-01,   3.34031656e-01,   3.26510577e-01,\n",
       "          1.06108585e-01,   5.11469987e-02],\n",
       "       [  5.49462249e-01,   2.47050709e-01,   1.79136204e-01,\n",
       "          2.13726788e-02,   2.97815910e-03],\n",
       "       [  3.58214402e-01,   5.22463048e-01,   6.07381928e-02,\n",
       "          4.52772097e-02,   1.33071480e-02],\n",
       "       [  2.68954375e-01,   2.96519548e-01,   2.64195020e-01,\n",
       "          1.34513177e-01,   3.58178796e-02],\n",
       "       [  2.54584173e-02,   1.17343827e-01,   2.89181686e-01,\n",
       "          3.65123490e-01,   2.02892580e-01],\n",
       "       [  3.11789617e-01,   3.79437492e-01,   1.23018047e-01,\n",
       "          1.58518452e-01,   2.72363921e-02],\n",
       "       [  1.07650472e-02,   3.42376796e-02,   1.48578438e-01,\n",
       "          2.41349899e-01,   5.65068936e-01],\n",
       "       [  3.01301529e-01,   5.22656423e-01,   3.94941281e-02,\n",
       "          1.25483909e-01,   1.10640110e-02],\n",
       "       [  1.28910712e-01,   3.76545758e-01,   2.72568487e-01,\n",
       "          1.31828605e-01,   9.01464376e-02],\n",
       "       [  1.92612771e-01,   3.13282067e-01,   3.42807759e-01,\n",
       "          9.90468108e-02,   5.22505930e-02],\n",
       "       [  1.07615940e-01,   2.25840807e-01,   4.22744524e-01,\n",
       "          1.14399056e-01,   1.29399673e-01],\n",
       "       [  8.83832464e-02,   1.47457353e-01,   2.76378120e-01,\n",
       "          2.18418404e-01,   2.69362877e-01],\n",
       "       [  4.89962737e-02,   2.85472373e-01,   1.40389325e-01,\n",
       "          4.30266826e-01,   9.48752021e-02],\n",
       "       [  2.43575856e-02,   1.07086718e-01,   6.54141906e-01,\n",
       "          1.26555084e-01,   8.78587066e-02],\n",
       "       [  1.50745451e-02,   5.78327170e-02,   3.67562325e-02,\n",
       "          3.54811701e-01,   5.35524804e-01],\n",
       "       [  3.05211303e-01,   4.51161474e-01,   1.14725185e-01,\n",
       "          1.12764306e-01,   1.61377317e-02],\n",
       "       [  5.35451556e-03,   1.34103628e-02,   4.67168299e-01,\n",
       "          2.71186875e-01,   2.42879947e-01],\n",
       "       [  1.89204874e-01,   2.70292726e-01,   3.76739240e-01,\n",
       "          1.37438049e-01,   2.63251114e-02],\n",
       "       [  4.08004916e-03,   5.22353118e-02,   3.00905711e-01,\n",
       "          2.69578701e-01,   3.73200228e-01],\n",
       "       [  9.92774029e-02,   5.15760482e-01,   3.47594082e-01,\n",
       "          2.46554380e-02,   1.27125955e-02],\n",
       "       [  9.47335237e-02,   1.18269728e-01,   2.78873563e-01,\n",
       "          2.25183574e-01,   2.82939611e-01],\n",
       "       [  3.31678730e-01,   4.32151103e-01,   9.28184620e-02,\n",
       "          4.69508950e-02,   9.64008104e-02],\n",
       "       [  4.79277716e-02,   7.77504241e-02,   1.14273858e-01,\n",
       "          5.47237925e-01,   2.12810021e-01],\n",
       "       [  3.41567338e-02,   8.41141166e-02,   3.23045482e-01,\n",
       "          2.81300042e-01,   2.77383625e-01],\n",
       "       [  2.48935580e-01,   5.34431117e-01,   1.43470553e-01,\n",
       "          5.55991122e-02,   1.75636379e-02],\n",
       "       [  8.86507761e-02,   4.84407794e-01,   1.47582294e-01,\n",
       "          2.14013853e-01,   6.53452824e-02],\n",
       "       [  1.21302445e-01,   6.31101181e-01,   1.69339900e-01,\n",
       "          7.15745687e-02,   6.68190459e-03],\n",
       "       [  2.34967205e-01,   5.49990116e-01,   1.60537528e-01,\n",
       "          4.09601318e-02,   1.35450183e-02],\n",
       "       [  6.79035737e-02,   1.03660033e-01,   4.11420395e-01,\n",
       "          1.91967583e-01,   2.25048415e-01],\n",
       "       [  2.90948170e-01,   2.45641443e-01,   4.05878824e-01,\n",
       "          3.79974512e-02,   1.95341108e-02],\n",
       "       [  4.85969370e-02,   8.18762590e-02,   1.51571215e-01,\n",
       "          4.88802866e-01,   2.29152722e-01],\n",
       "       [  2.07582550e-01,   4.75730494e-01,   2.40075492e-01,\n",
       "          6.15965433e-02,   1.50149206e-02],\n",
       "       [  2.47311930e-01,   3.84523387e-01,   1.23169461e-01,\n",
       "          1.56454557e-01,   8.85406646e-02],\n",
       "       [  5.14652646e-03,   1.21348266e-01,   3.51797686e-01,\n",
       "          1.16130911e-01,   4.05576610e-01],\n",
       "       [  1.56041863e-01,   3.35468818e-01,   1.63665057e-01,\n",
       "          2.62787145e-01,   8.20371173e-02],\n",
       "       [  3.64614299e-01,   4.29946161e-01,   1.49564984e-01,\n",
       "          4.22013478e-02,   1.36732085e-02],\n",
       "       [  4.30219723e-02,   1.66850123e-01,   1.47394188e-01,\n",
       "          4.05050355e-01,   2.37683362e-01],\n",
       "       [  2.79872775e-01,   3.82968445e-01,   9.64149238e-02,\n",
       "          2.11775966e-01,   2.89678905e-02],\n",
       "       [  8.12249064e-03,   4.66121295e-02,   1.81887172e-01,\n",
       "          2.64046050e-01,   4.99332158e-01],\n",
       "       [  1.09193480e-01,   1.97484482e-01,   3.59338344e-01,\n",
       "          2.76667462e-01,   5.73162312e-02],\n",
       "       [  8.64265786e-02,   4.08267138e-01,   3.59116666e-01,\n",
       "          1.14620110e-01,   3.15695074e-02],\n",
       "       [  2.69425809e-01,   4.33890341e-01,   2.14884301e-01,\n",
       "          6.22289730e-02,   1.95705759e-02],\n",
       "       [  1.24949531e-02,   3.68610613e-02,   1.61969748e-01,\n",
       "          2.21148274e-01,   5.67525964e-01],\n",
       "       [  2.17628294e-02,   1.28922187e-01,   6.95333655e-01,\n",
       "          1.08729037e-01,   4.52522920e-02],\n",
       "       [  1.15927830e-02,   3.88863306e-02,   3.46742360e-01,\n",
       "          1.81662317e-01,   4.21116210e-01],\n",
       "       [  2.51122015e-03,   7.52904596e-03,   9.00640243e-02,\n",
       "          2.17904083e-01,   6.81991627e-01],\n",
       "       [  8.03594829e-02,   3.93266740e-01,   4.11288463e-01,\n",
       "          1.03500506e-01,   1.15848078e-02],\n",
       "       [  2.40207464e-01,   1.80100657e-01,   3.40622367e-01,\n",
       "          1.80228994e-01,   5.88405189e-02],\n",
       "       [  7.96770050e-02,   1.15312389e-01,   6.12577134e-01,\n",
       "          1.31733934e-01,   6.06995376e-02],\n",
       "       [  5.74660338e-02,   4.86084830e-02,   2.91777971e-01,\n",
       "          2.19121051e-01,   3.83026461e-01],\n",
       "       [  4.46142742e-02,   2.36514602e-01,   4.92707807e-01,\n",
       "          1.66717550e-01,   5.94457671e-02],\n",
       "       [  2.22522402e-01,   1.11224343e-01,   1.73376674e-01,\n",
       "          2.53659607e-01,   2.39216974e-01],\n",
       "       [  3.36316329e-03,   3.88464112e-02,   1.26957526e-01,\n",
       "          3.82424370e-01,   4.48408530e-01],\n",
       "       [  1.00705350e-01,   2.46862350e-01,   3.24173779e-01,\n",
       "          1.79566493e-01,   1.48692027e-01],\n",
       "       [  2.14129166e-02,   7.76487155e-02,   1.39946751e-01,\n",
       "          6.44718418e-01,   1.16273199e-01],\n",
       "       [  5.19506210e-03,   6.05596686e-02,   2.70398419e-01,\n",
       "          1.92311596e-01,   4.71535254e-01],\n",
       "       [  1.26051745e-02,   2.23169984e-01,   2.42368929e-01,\n",
       "          1.72885643e-01,   3.48970270e-01],\n",
       "       [  1.01361822e-01,   7.69439462e-02,   1.71238487e-01,\n",
       "          2.28433198e-01,   4.22022547e-01],\n",
       "       [  2.44539260e-01,   1.25572714e-01,   4.26434646e-01,\n",
       "          1.83862692e-01,   1.95906880e-02],\n",
       "       [  4.53508434e-01,   2.61891970e-01,   1.03160908e-01,\n",
       "          5.38883463e-02,   1.27550341e-01],\n",
       "       [  3.37933885e-02,   3.39391108e-01,   2.31924012e-01,\n",
       "          1.36712912e-01,   2.58178579e-01],\n",
       "       [  7.39036527e-02,   2.60403380e-01,   3.88134429e-01,\n",
       "          2.33858649e-01,   4.36998898e-02],\n",
       "       [  7.75760706e-02,   2.15469031e-01,   5.81612241e-01,\n",
       "          9.84676140e-02,   2.68750441e-02],\n",
       "       [  1.13226180e-01,   2.29845332e-01,   6.02557400e-01,\n",
       "          2.70893755e-02,   2.72817127e-02],\n",
       "       [  3.60529190e-01,   3.85884886e-01,   1.90084930e-01,\n",
       "          4.43261172e-02,   1.91748761e-02],\n",
       "       [  1.18339216e-01,   2.03873454e-01,   2.15847901e-01,\n",
       "          3.29039580e-01,   1.32899850e-01],\n",
       "       [  1.65899794e-01,   5.03285144e-01,   2.28099005e-01,\n",
       "          6.04158209e-02,   4.23002351e-02],\n",
       "       [  6.50716809e-02,   6.57746079e-02,   2.14987013e-01,\n",
       "          3.22931734e-01,   3.31234965e-01],\n",
       "       [  3.67073682e-02,   1.40494360e-01,   4.13877802e-01,\n",
       "          3.28939781e-01,   7.99806891e-02],\n",
       "       [  3.80818784e-02,   7.67173170e-02,   6.09575682e-01,\n",
       "          1.47524639e-01,   1.28100484e-01],\n",
       "       [  1.82981222e-01,   5.36664119e-01,   1.58478216e-01,\n",
       "          1.02881935e-01,   1.89945084e-02],\n",
       "       [  1.11019952e-01,   2.11041938e-01,   1.98540968e-01,\n",
       "          3.86840022e-01,   9.25571197e-02],\n",
       "       [  1.65491915e-02,   5.16326325e-02,   3.34726334e-01,\n",
       "          1.70715355e-01,   4.26376487e-01],\n",
       "       [  6.18990515e-02,   1.92210436e-01,   2.57838034e-01,\n",
       "          2.37636724e-01,   2.50415755e-01],\n",
       "       [  1.45998080e-01,   2.89913328e-01,   2.89237585e-01,\n",
       "          2.22166762e-01,   5.26842448e-02],\n",
       "       [  1.67750125e-01,   3.24631992e-01,   2.01764226e-01,\n",
       "          1.95710569e-01,   1.10143088e-01],\n",
       "       [  8.96401567e-02,   4.15404955e-01,   2.83694302e-01,\n",
       "          1.52132485e-01,   5.91281012e-02],\n",
       "       [  6.45291962e-02,   1.57586568e-01,   5.21910817e-01,\n",
       "          7.86922328e-02,   1.77281186e-01],\n",
       "       [  3.79267482e-02,   8.71576108e-02,   1.90076988e-01,\n",
       "          2.32106158e-01,   4.52732495e-01],\n",
       "       [  2.05764507e-02,   8.80138518e-02,   3.00953276e-01,\n",
       "          4.99489486e-01,   9.09669356e-02],\n",
       "       [  2.75845570e-02,   1.20442127e-01,   3.78538541e-01,\n",
       "          3.07095200e-01,   1.66339575e-01],\n",
       "       [  7.63430489e-02,   2.42199838e-01,   3.45192967e-01,\n",
       "          2.43936462e-01,   9.23276833e-02],\n",
       "       [  4.27660738e-03,   1.93966366e-02,   1.78287278e-01,\n",
       "          9.79315800e-02,   7.00107898e-01],\n",
       "       [  5.33595437e-01,   4.27803621e-01,   3.09637594e-02,\n",
       "          7.20088488e-03,   4.36297023e-04],\n",
       "       [  7.72822898e-02,   1.95458914e-01,   4.89205623e-01,\n",
       "          1.66501540e-01,   7.15516324e-02],\n",
       "       [  1.19547747e-01,   1.54616030e-01,   3.40453061e-01,\n",
       "          2.78755283e-01,   1.06627879e-01],\n",
       "       [  3.49588087e-02,   1.99156074e-01,   3.82361310e-01,\n",
       "          1.96472041e-01,   1.87051766e-01],\n",
       "       [  1.06290315e-01,   3.82007308e-01,   4.22258884e-01,\n",
       "          3.79127053e-02,   5.15307880e-02],\n",
       "       [  5.81710108e-03,   4.87259582e-02,   2.84453228e-01,\n",
       "          3.71102398e-01,   2.89901314e-01],\n",
       "       [  9.40754821e-03,   7.00099899e-03,   7.93889711e-02,\n",
       "          2.92159406e-01,   6.12043076e-01],\n",
       "       [  2.28189064e-03,   9.19591796e-03,   5.00792332e-02,\n",
       "          2.00988537e-01,   7.37454421e-01],\n",
       "       [  4.35783102e-02,   1.65696885e-01,   2.51348142e-01,\n",
       "          2.23912967e-01,   3.15463696e-01],\n",
       "       [  1.66508376e-01,   2.86855210e-01,   4.11329278e-01,\n",
       "          1.12585329e-01,   2.27218062e-02]])"
      ]
     },
     "execution_count": 10,
     "metadata": {},
     "output_type": "execute_result"
    }
   ],
   "source": [
    "ensemble.predict_proba(X_test)"
   ]
  },
  {
   "cell_type": "code",
   "execution_count": 11,
   "metadata": {
    "collapsed": true
   },
   "outputs": [],
   "source": [
    "def plot_confusion_matrix(cm, classes,\n",
    "                          normalize=False,\n",
    "                          title='Confusion matrix',\n",
    "                          cmap=plt.cm.Blues):\n",
    "    \"\"\"\n",
    "    This function prints and plots the confusion matrix.\n",
    "    Normalization can be applied by setting `normalize=True`.\n",
    "    \"\"\"\n",
    "    plt.imshow(cm, interpolation='nearest', cmap=cmap)\n",
    "    plt.title(title)\n",
    "    plt.colorbar()\n",
    "    tick_marks = np.arange(len(classes))\n",
    "    plt.xticks(tick_marks, classes, rotation=45)\n",
    "    plt.yticks(tick_marks, classes)\n",
    "\n",
    "    if normalize:\n",
    "        cm = cm.astype('float') / cm.sum(axis=1)[:, np.newaxis]\n",
    "        print(\"Normalized confusion matrix\")\n",
    "    else:\n",
    "        print('Confusion matrix, without normalization')\n",
    "\n",
    "    print(cm)\n",
    "\n",
    "    thresh = cm.max() / 2.\n",
    "    for i, j in itertools.product(range(cm.shape[0]), range(cm.shape[1])):\n",
    "        plt.text(j, i, cm[i, j],\n",
    "                 horizontalalignment=\"center\",\n",
    "                 color=\"white\" if cm[i, j] > thresh else \"black\")\n",
    "\n",
    "    plt.tight_layout()\n",
    "    plt.ylabel('True label')\n",
    "    plt.xlabel('Predicted label')"
   ]
  },
  {
   "cell_type": "code",
   "execution_count": 12,
   "metadata": {
    "collapsed": false
   },
   "outputs": [
    {
     "name": "stdout",
     "output_type": "stream",
     "text": [
      "Confusion matrix, without normalization\n",
      "[[ 2  7  4  0  0]\n",
      " [ 0 12  6  1  1]\n",
      " [ 1  5 10  4  5]\n",
      " [ 0  2  7  6  5]\n",
      " [ 0  1  5  4 10]]\n"
     ]
    },
    {
     "data": {
      "image/png": "iVBORw0KGgoAAAANSUhEUgAAAUUAAAEmCAYAAAD1FIKpAAAABHNCSVQICAgIfAhkiAAAAAlwSFlz\nAAALEgAACxIB0t1+/AAAIABJREFUeJzt3XecVOXZ//HPd1npXRDCLkSKDeyAsYCNqKhgyaNBxIKN\nxIZii0R9TJ5oNI95Yk8isSYqEmP8KQZFY4yKQWliASwIIiwoxUYvy/X745zFEWGnMLP3md3r7Wte\nzpw5c5/v8pq99j73Oec+MjOcc85FSkIHcM65JPGi6JxzKbwoOudcCi+KzjmXwouic86l8KLonHMp\nvCjWIZIaSRor6StJj29DO0MkPZ/PbKFI6ivp/dA5XHLIz1NMHkmnApcBuwLLgenAjWY2YRvbPR24\nGDjQzDZsc9CEk2TATmY2O3QWVzy8p5gwki4DbgN+DbQDOgF3A8flofnvAx/UhYKYCUmloTO4BDIz\nfyTkAbQAVgAnV7NOA6KiuTB+3AY0iN87FFgAXA4sBhYBZ8Xv/RJYB6yPt3EO8Avg4ZS2dwQMKI1f\nDwXmEPVW5wJDUpZPSPncgcBk4Kv4/wemvPdv4FfAa3E7zwNttvKzVeW/KiX/CcAxwAfA58DPU9bf\nD5gIfBmvexdQP37vlfhnWRn/vINS2v8Z8Cnwl6pl8We6xtvYN37dAVgCHBr6u+GPmnt4TzFZDgAa\nAk9Ws841wP7A3sBeRIXh2pT32xMV1zKiwne3pFZmdj1R73OMmTU1s/uqCyKpCXAHcLSZNSMqfNO3\nsF5r4B/xutsDvwP+IWn7lNVOBc4CdgDqA1dUs+n2RP8GZcB/A38CTgN6An2B6yR1jtetBEYAbYj+\n7foBFwCY2cHxOnvFP++YlPZbE/Wah6Vu2Mw+IiqYD0tqDDwAPGRm/64mr6tlvCgmy/bAUqt+93YI\n8D9mttjMlhD1AE9PeX99/P56MxtH1EvaJcc8G4HdJTUys0VmNmML6xwLfGhmfzGzDWY2GngPGJiy\nzgNm9oGZrQb+SlTQt2Y90fjpeuAxooJ3u5ktj7c/k+iPAWY21cxej7f7MXAPcEgGP9P1ZrY2zvMt\nZvYnYDbwBvA9oj9Crg7xopgsy4A2aca6OgDzUl7Pi5dtamOzoroKaJptEDNbSbTL+VNgkaR/SNo1\ngzxVmcpSXn+aRZ5lZlYZP68qWp+lvL+66vOSdpb0jKRPJX1N1BNuU03bAEvMbE2adf4E7A7caWZr\n06zrahkviskyEVhLNI62NQuJdv2qdIqX5WIl0DjldfvUN81svJkdQdRjeo+oWKTLU5WpIsdM2fgD\nUa6dzKw58HNAaT5T7ekWkpoSjdPeB/wiHh5wdYgXxQQxs6+IxtHulnSCpMaStpN0tKT/jVcbDVwr\nqa2kNvH6D+e4yenAwZI6SWoBjKx6Q1I7ScfHY4triXbDN26hjXHAzpJOlVQqaRDQHXgmx0zZaAZ8\nDayIe7Hnb/b+Z0CXLNu8HZhiZucSjZX+cZtTuqLiRTFhzOz/iM5RvJboyOd84CLg/8Wr3ABMAd4G\n3gGmxcty2dYLwJi4ral8u5CVxDkWEh2RPYTvFh3MbBkwgOiI9zKiI8cDzGxpLpmydAXRQZzlRL3Y\nMZu9/wvgIUlfSvpxusYkHQ/055uf8zJgX0lD8pbYJZ6fvO2ccym8p+iccym8KDrnagVJ90taLOnd\nlGW3SHpP0tuSnpTUMl07XhSdc7XFg0RjwqleAHY3sz2JrooaufmHNudF0TlXK5jZK0QHBVOXPZ9y\n3u7rQHm6dhJ1QXyr1m2srGOn0DGytuCrdOcCJ9f2jbcLHSEnLRsVZ+5iNW/exyxdujTdOaBZqdf8\n+2YbvnNR0VbZ6iUzgNRftlFmNiqLTZ7Nd89Q+I5EFcWyjp14/NlXQ8fI2shxs0JHyNlpvTqkXymB\nBuxenLmL1UE/6JX3Nm3DahrskvZMqU3WTL97jZnlFETSNcAG4JF06yaqKDrn6hKBCj+CJ2ko0bm0\n/SyDcxC9KDrnwhCgvO6Rf3cTUn+iCwoOMbNVmXzGi6JzLpw89hQljSaaH7ONpAXA9URHmxsALygq\nwK+b2U+ra8eLonMuEEFJvby1ZmaDt7C42nlDt8SLonMunALvPufCi6JzLgxRIwdasuVF0TkXiLyn\n6Jxz3+I9ReecS+E9Reecq1IzJ29ny4uicy6MGjh5OxdeFJ1z4XhP0Tnnqgjq5e/k7XzxouicCyOh\n5ykmL1EeLapYwNCTjmbAoT0ZeFgv/nLv3aEjZaxDiwbcemL3TY9Hz9iHgT12CB0rY5WVlVx5ypHc\nNPyM0FEy9vz459izxy702LUbt/zvzaHjZKVos0uZP2pIre4plpaWctX1N9F9j71ZuWI5J/XvywEH\nH063nXcLHS2thV+tZcSTMwEoEdw3eC9en/dl4FSZG/fovZR13onVK5eHjpKRyspKLh1+If949gXK\nysvps39vBgw4jt26dw8dLa3izZ7Mo8/JS5RHbdu1p/seewPQpGkzuuy0C4s/XRQ4Vfb27NCcT5ev\nZcmKdaGjZGTZZwuZNuFF+p24pevzk2nypEl07dqNzl26UL9+fU4edArPjH0qdKyMFHP2JPYUa3VR\nTFUxfx6z3n2LPffJ/wzChdanS2te/WhZ6BgZe+CW6zntkmspKSmer9fChRWUl3fc9LqsrJyKioqA\niTJXzNlRSeaPGlLQLUnqL+l9SbMlXV3IbVVn5coVXHLeEEb+8jc0bdY8VIyclJaI/b7fgtfmfhE6\nSkamvvICLVq3oWv3PUNHcUmXTS+xNowpSqoH3A0cASwAJkt62sxmFmqbW7J+/XouPW8IA04cxBHH\nHF+Tm86LfctbMGfpKr5avSH9ygnw3vQpTHn5ed6c8C/WrVvL6pXLueOaixl+452ho1WrQ4cyFiyY\nv+l1RcUCysrKAibKXDFnr2tjivsBs81sjpmtAx4DarQqmRnXXX4BXbrtwtCfXFyTm86bvl1b88pH\nn6dfMSGGDB/JPeOn8vtxbzDi5t+ze++DEl8QAXr17s3s2R/y8dy5rFu3jsfHPMaxA44LHSsjxZw9\niT3FQhbFMmB+yusF8bIaM23yRJ5+YjRv/OdlTjziAE484gBefnF8TUbYJg1KS9irrDmvf1w8R52L\nVWlpKbfefhcDjz2KvffYjf86+cd079EjdKyMFG92JXJMMfgpOZKGAcMAvlfWMc3a2em534HMrFiR\n1zZr0toNGznj4emhY+SsR68D6dHrwNAxMtb/6GPof/QxoWPkpCizi7zejiBfCll+K4DUKlceL/sW\nMxtlZr3MrFfr7dsUMI5zLlmS2VMs5JYmAztJ6iypPnAK8HQBt+ecKzYJHFMs2O6zmW2QdBEwHqgH\n3G9mMwq1PedcEUrg0eeCjima2ThgXCG34ZwrYj6fonPOxZTMa5+9KDrnwvGeonPOfUNeFJ1zLhLd\nosWLonPORSRU4kXROec28Z6ic86lSGJRTN7xcOdcnSEp40cGbd0vabGkd1OWtZb0gqQP4/+3SteO\nF0XnXBjK8pHeg0D/zZZdDbxoZjsBL8avq+VF0TkXhMi8l5hJT9HMXgE2n3z0eOCh+PlDwAnp2vEx\nRedcMFmOKbaRNCXl9SgzG5XmM+3MrOpudZ8C7dJtxIuicy6YLIviUjPL+c5zZmaSLN16XhSdc8HU\nwNHnzyR9z8wWSfoesDjdB3xM0TkXRv4PtGzJ08CZ8fMzgbQ3xPaeonMuCKG83htc0mjgUKKxxwXA\n9cDNwF8lnQPMA36crh0vis65YPK5+2xmg7fyVr9s2vGi6JwLJ3kXtCSrKDYoLaHzDk1Cx8ja+Lsf\nDB0hZ2XXXRA6Qk4O6uw3OatJGzamPWibPSXzMr9EFUXnXN3iRdE551J4UXTOuVjVZX5J40XRORdO\n8mqiF0XnXCB+oMU5577Ni6JzzqXwe7Q451wK7yk651ws08lja5oXRedcMF4UnXMuhRdF55xLlbya\n6EXROReO9xSdc66Kn7ztnHPfEJDAmuhF0TkXiihJ4Mnbtf7GVc+Pf449e+xCj127ccv/3hw6TrX+\neP0Q5r14E1Me//mmZb++9ASm//1aJo0ZyZj/O48WTRsFTJiZtSu/5rlbLuXRiwfw6PCBfPr+9NCR\nMjLiwmHs0a2cww7YJ3SUrBRrbmCrN77f0qOm1OqiWFlZyaXDL+Spsc/y5tszefyx0cyaOTN0rK36\ny9jXOf7Cu7+17MXX36Pnyb9mv0E38eG8xVx59pGB0mVuwv030WmfPpx65zMM+r8naFXeJXSkjAw6\n9XQe+dvY0DGyVqy5ozHFzB81pVYXxcmTJtG1azc6d+lC/fr1OXnQKTwzNu0dDoN5bdpHfP7Vqm8t\ne/H196is3AjApHfmUtauZYhoGVu7cjkLZ05lt37/BUC97erToEnzwKkys/9BfWnVqlXoGFkr1twC\nSkqU8aOm1OoxxYULKygv77jpdVlZOZMmvREw0bY54/gD+Nvz00LHqNbyxQto1LwV/7rrGpbNe5+2\nXXrQ5+yr2a5h49DRXAIl8UBLwXqKku6XtFjSu4XaRl1y1TlHUVm5kcfGTQ4dpVobKytZMmcWux91\nCj/+7ROUNmjEtCfvDR3LJVRdG1N8EOhfwPbT6tChjAUL5m96XVGxgLKysoCJcnPawB9wzMG7M/Sa\nB0NHSavp9u1oun072u28JwBdDziSJXNmBU7lEqmujSma2SvA54VqPxO9evdm9uwP+XjuXNatW8fj\nYx7j2AHHhYyUtSMO3I3Lhv6Qky69h9Vr1oeOk1bjVm1p2qY9X1TMBWDBO6/Turxr4FQuiaLzFJPX\nUww+pihpGDAMoGOnTnltu7S0lFtvv4uBxx5FZWUlZw49m+49euR1G/n00E1D6dtzJ9q0bMrs537F\nr/44jivPOpIG9Ut55g8XATDpnY8ZfuNjgZNWr+85P+eft/+MyvXradGunMMuuiF0pIycf87pTJzw\nCp8vW0rP7l24/OrrOPWMs0LHSqtYc5PQG1fJrAA3ua5qXNoReMbMds9k/Z49e9lrb0wpWJ5CadX7\notARcnb2dReEjpCTa/t1Cx2hTul/6AG89ebUvFawxh12sZ2H/T7j9d/65Q+nmlmvfGbYkuA9Redc\nHSUSeUWLF0XnXBBVY4pJU8hTckYDE4FdJC2QdE6htuWcK075PPosaYSkGZLelTRaUsNcMhWsp2hm\ngwvVtnOudshXT1FSGTAc6G5mqyX9FTiF6NTArPjus3MumDzvPZcCjSStBxoDC3NppFZf++ycSzDl\n7zxFM6sAfgt8AiwCvjKz53OJ5UXRORdE1SSzWYwptpE0JeUxbFNbUivgeKAz0AFoIum0XHL57rNz\nLpCsT95eWs15ij8E5prZEgBJfwcOBB7ONpUXRedcMHkcU/wE2F9SY2A10A/I6UoQL4rOuTDyePK2\nmb0h6W/ANGAD8CYwKpe2vCg654LI98nbZnY9cP22tuNF0TkXTBKvaPGi6JwLJoE10Yuicy4c7yk6\n51yVGp5RO1NeFJ1zQSihk8x6UXTOBZPAmuhF0TkXTkkCq6IXRedcMAmsiV4UnXNhSFDPb0fgnHPf\nKKoDLZKaV/dBM/s632E2bDS+WLku380W3I23XRY6Qs7+50//CR0hJ4d1aRk6Qk4++WpN6Ag5+XxV\nYX4vE1gTq+0pzgCM6BLFKlWvDcjvTZqdc3WKiE7LSZqtFkUz61iTQZxzdU8ChxQzm3lb0imSfh4/\nL5fUs7CxnHO1Xha3IqjJsce0RVHSXcBhwOnxolXAHwsZyjlXN+TzFqf5ksnR5wPNbF9JbwKY2eeS\n6hc4l3OulhPFe/L2ekklRAdXkLQ9sLGgqZxzdUICa2JGY4p3A08AbSX9EpgA/KagqZxzdUISxxTT\n9hTN7M+SphLdLQvgZDN7t7CxnHO1XbFf0VIPWE+0C+33inbO5UXySmJmR5+vAUYT3WC6HHhU0shC\nB3PO1X5FufsMnAHsY2arACTdSHT7wJsKGcw5V7tFR59Dp/iuTIrios3WK42XOedc7mq4B5ip6iaE\nuJVoDPFzYIak8fHrI4HJNRPPOVebJbAmVttTrDrCPAP4R8ry1wsXxzlXlxRVT9HM7qvJIM65uqVo\nxxQldQVuBLoDDauWm9nOBcyVNyMuHMY/x4+jTdu2vDTxzdBxsnLDoINp0LgJJSX1KKlXjxGjngod\naYvuOm9/jtq7nCVfr+HAkc8A0LJJfR64qC+d2jbhkyUrGXrnq3xVoDn58qmyspKrhxxN6x3aM/KO\nP4eOk7Fi+a5srqh6iikeBG4AfgscDZxFfMlfMRh06umcdd75XHL+2aGj5OT8Wx+hacvWoWNU69FX\n5vCnFz7gDz85cNOyEQN78PLMT7lt7AwuHdiDEQN78Isxyf+jNO7ReynrvBOrVy4PHSVrxfBdSSVB\nvQQWxUxOxG5sZuMBzOwjM7uWqDgWhf0P6kurVq1Cx6jV/vP+Yr5YsfZby47p2ZHRr84BYPSrczi2\nV/Kn51z22UKmTXiRficODh2lzijWWXLWxhNCfCTpp0AF0KywsRxEuxb3XH4GJfVK2H/gYA4YWDy/\nrDs0b8hnX64G4LMvV7ND84ZpPhHeA7dcz2mXXMuaVStCR8lasX5XinX3eQTQBBhONLbYAki7Lyqp\nI/BnoB3R7vYoM7s996h1z0V3jqFF2/Ys/2Ip91xxJjt06krXvfYLHSsnlvARl6mvvECL1m3o2n1P\nZkwpvvvWFOt3JZ81UVJL4F5gd6Kac7aZTcy2nUwmhHgjfrqcbyaazcQG4HIzmyapGTBV0gtmNjPb\nkHVVi7btAWjWqg179DmST2a9VRRfdIDFX6+hXctGfPblatq1bMSSr9em/1BA702fwpSXn+fNCf9i\n3bq1rF65nDuuuZjhN94ZOlpGivG7IpTv+RRvB54zs5PiOV8b59JIdSdvP0k1B1TM7EfVNWxmi4iv\nfDGz5ZJmAWWAF8UMrF29CrONNGzclLWrV/H+lFc58oyLQ8fK2LPTFjC4bxduGzuDwX27MG7q/NCR\nqjVk+EiGDI8u6Z8x5T88/ec/Fk1BLNrvSh7HCiW1AA4GhgKY2Togp9Mdqusp3pVLg1siaUdgH+CN\nLbw3DBgGUNYx/zcIPP+c05k44RU+X7aUnt27cPnV13HqGWflfTv5tuKLpTxw3fkAbKysZN9+A9n1\nB4cETrVl917Yhz67tWP7pg2YcceJ3PzE29w69l0evLgvpx/SlflLo1NyXGEU03dlc1mOKbaRNCXl\n9SgzGxU/7wwsAR6QtBcwFbjEzFZmncmssGM9kpoCLwM3mtnfq1t3r3162nP/znoIILjR0xeEjpCz\nYr3v871XHB46Qk6K9b7Ptw47nvnvv5PXfd0duu1ug255POP17/pR96lm1mtL70nqRXS13UFm9oak\n24Gvzey6bHMVdG5ESdsRzdr9SLqC6JyrW0Repw5bACxIOQbyN2DfXHIVrCgq+inuA2aZ2e8KtR3n\nXPEqUeaP6pjZp8B8SbvEi/qR4/GLTGfeRlIDM8vmEOJBREer35E0PV72czMbl01A51ztVIDbEVwM\nPBIfeZ5DdPVd1jK59nk/oh5fC6BTPIh5rplVe3jLzCaQzNnGnXMJkc+aaGbTgS2OOWYjk93nO4AB\nwLJ4w28Bh23rhp1zrlgv8ysxs3mbDXRWFiiPc66OiKYOS97OZCZFcX68C22S6hHtt39Q2FjOubog\nibcGzaQonk+0C90J+Az4Z7zMOee2SQI7ihld+7wYOKUGsjjn6hAp79c+50UmR5//xBaugTazYQVJ\n5JyrMxJYEzPaff5nyvOGwIlAsq/ud84VhaK8R4uZjUl9LekvwISCJXLO1Qki7ydv50XGV7Sk6Ew0\ncaxzzuUug8v3QshkTPELvhlTLAE+B64uZCjnXN2gBF70Vm1RjCd12IvoviwAG63Qc4055+qEpN73\nudpzJ+MCOM7MKuOHF0TnXN7ka5acvGbKYJ3pkvYpeBLnXJ2Tx/kU86a6e7SUmtkGotsITJb0EbCS\nqNdrZpbTBI7OOQfJ3X2ubkxxEtHMtcfVUBbnXF1Sw7PfZKq6oigAM/uohrI45+qYYrvMr62ky7b2\npt9iwDm3LYpx97ke0JQanD27tES0alK/pjaXN0fvVLznsr9y6K6hI+TkpTlfho6Qk67bNwwdIUFE\nvSLrKS4ys/+psSTOuToluptf6BTflXZM0TnnCqIIL/PrV2MpnHN1UlEdaDGzz2syiHOubinG3Wfn\nnCuoouopOudcoSWwJnpRdM6FIYr3bn7OOZd/okYnesiUF0XnXDDJK4leFJ1zgQiK7ooW55wrqATW\nRC+KzrlQanby2Ewl8eCPc64OqDr6nOkjozalepLelPRMrrm8p+icC6YAPcVLgFlA81wb8J6icy4Y\nZfFI25ZUDhwL3LstmWp9T/H58c9xxWWXUFlZydCzz+XKq4rjltWLKhYw8pLzWLp0MZL48ZCzOP3c\nC0PHSqtDiwZceXjXTa/bNWvA6KkVjJ2xOGCqzKxd+TUv/f6/+fyT2SBx+IW/ov0ue4eOlZEbBh1M\ng8ZNKCmpR0m9eowY9VToSOllf55iG0lTUl6PMrNRKa9vA64Cmm1LrFpdFCsrK7l0+IX849kXKCsv\np8/+vRkw4Dh26949dLS0SktLuer6m+i+x96sXLGck/r35YCDD6fbzruFjlathV+tZcSTM4FoWqj7\nBu/F6/OKY0LYCfffRKd9+tD/ytuoXL+ODevWhI6UlfNvfYSmLVuHjpGxHK5oWWpmvbbYljQAWGxm\nUyUdui25avXu8+RJk+jatRudu3Shfv36nDzoFJ4ZWwR/QYG27drTfY+ol9KkaTO67LQLiz9dFDhV\ndvbs0JxPl69lyYp1oaOktXblchbOnMpu/f4LgHrb1adBk5yHpVyG8niL04OA4yR9DDwGHC7p4Vwy\n1eqe4sKFFZSXd9z0uqysnEmT3giYKDcV8+cx69232HOfLf6RTKw+XVrz6kfLQsfIyPLFC2jUvBX/\nuusals17n7ZdetDn7KvZrmHj0NEyIol7Lj+Dknol7D9wMAcMHBw6UkbyNcmsmY0ERgLEPcUrzOy0\nnDLlJ9J3SWooaZKktyTNkPTLQm2rNlu5cgWXnDeEkb/8DU2bFU/PpbRE7Pf9Frw294vQUTKysbKS\nJXNmsftRp/Dj3z5BaYNGTHtym8bra9RFd47h8vue4dzf3M9r/+9hPnprUuhIaUW7z8r4UVMKufu8\nFjjczPYC9gb6S9q/gNv7jg4dyliwYP6m1xUVCygrK6vJCNtk/fr1XHreEAacOIgjjjk+dJys7Fve\ngjlLV/HV6g2ho2Sk6fbtaLp9O9rtvCcAXQ84kiVzZgVOlbkWbdsD0KxVG/bocySfzHorcKLMSJk/\nMmVm/zazAblmKlhRtMiK+OV28cMKtb0t6dW7N7Nnf8jHc+eybt06Hh/zGMcOOK4mI+TMzLju8gvo\n0m0Xhv7k4tBxsta3a2te+ah4Jm9v3KotTdu054uKuQAseOd1Wpd3TfOpZFi7ehVrVq3Y9Pz9Ka/y\nvc47B06VCWX1X00p6JiipHrAVKAbcLeZ1eiAXmlpKbfefhcDjz2KyspKzhx6Nt179KjJCDmbNnki\nTz8xmp1368GJRxwAwKVX/4JD+h0VOFl6DUpL2KusOX+YMC90lKz0Pefn/PP2n1G5fj0t2pVz2EU3\nhI6UkRVfLOWB684HomGAffsNZNcfHBI4VWYSeJUfMit8501SS+BJ4GIze3ez94YBwwA6durU84OP\niusXCWDu4pWhI+Rs5Lji2UVMVda6OA6AbK5Y7/t867Djmf/+O3ktYTv32Nvu+OsLGa9/9O47TN3a\nKTn5VCOn5JjZl8BLQP8tvDfKzHqZWa+2bdrWRBznXBJkMZ5Ykz3KQh59bhv3EJHUCDgCeK9Q23PO\nFZ8kFsVCjil+D3goHlcsAf5qZjnPXOGcq31q8gBKpgpWFM3sbWCfQrXvnCtuIn8nb+dTrb6ixTmX\nbH7fZ+ecS1Gndp+dc646vvvsnHPfUrNXqmTKi6JzLowaPtUmU14UnXPBJLAmelF0zoURjSkmryx6\nUXTOBZO8kuhF0TkXUgKrohdF51wwvvvsnHMpklcSvSg650JKYFX0ouicC0L4ZX7OOfcNP3nbOee+\nLYE10Yuicy6gBFZFL4rOuUB8QgjnnPsWH1OspVo22S50hJwdvFPr0BFy0qlFcd4q9Nzf/it0hJys\nWJr/2/iKRO49e1F0zoWjBHYVvSg654JJYE30ouicCyeBNZGS0AGcc3WUsnxU15TUUdJLkmZKmiHp\nklxjeU/RORdMHk/J2QBcbmbTJDUDpkp6wcxmZtuQF0XnXBAif2OKZrYIWBQ/Xy5pFlAGeFF0zhWP\nQowpStoR2Ad4I5fPe1F0zoWTXVVsI2lKyutRZjbqW81JTYEngEvN7OtcInlRdM4Fk+WY4lIz67XV\ntqTtiAriI2b291wzeVF0zgVTkqf9Z0Vngd8HzDKz321TpvxEcs65HOTplBzgIOB04HBJ0+PHMblE\n8p6icy6IfM68bWYTyNNxGy+KzrkwfOZt55z7tgTWRC+KzrmAElgVa31RfH78c1xx2SVUVlYy9Oxz\nufKqq0NHysiIC4fxz/HjaNO2LS9NfDN0nKzcMOhgGjRuQklJPUrq1WPEqKdCR8pYZWUlVw85mtY7\ntGfkHX8OHWer7jpvf47au5wlX6/hwJHPANCySX0euKgvndo24ZMlKxl656t8tWpd4KTVSebM27X6\n6HNlZSWXDr+Qp8Y+y5tvz+Txx0Yza2bWV/0EMejU03nkb2NDx8jZ+bc+wuX3PVNUBRFg3KP3UtZ5\np9Ax0nr0lTmcdMu3J6wdMbAHL8/8lJ5XPM3LMz9lxMAegdJlTsr8UVNqdVGcPGkSXbt2o3OXLtSv\nX5+TB53CM2OL45d0/4P60qpVq9Ax6pRlny1k2oQX6Xfi4NBR0vrP+4v5YsXaby07pmdHRr86B4DR\nr87h2F4dQ0TLWB4nycmrWl0UFy6soLz8my9GWVk5FRUVARPVDZK45/IzuHXYcUwcOzp0nIw9cMv1\nnHbJtZRjubPOAAAKDUlEQVSUFOevxQ7NG/LZl6sB+OzL1ezQvAhu2ZDAqljwMUVJ9YApQIWZDSj0\n9lx4F905hhZt27P8i6Xcc8WZ7NCpK1332i90rGpNfeUFWrRuQ9fuezJjyn9Cx8kLw0JHSKskgefk\n1MSfxEuAWTWwne/o0KGMBQvmb3pdUbGAsrKyEFHqlBZt2wPQrFUb9uhzJJ/MeitwovTemz6FKS8/\nzwXH/IBbr76Adye/xh3XXBw6VlYWf72Gdi0bAdCuZSOWfL02zSfCS2BHsbBFUVI5cCxwbyG3szW9\nevdm9uwP+XjuXNatW8fjYx7j2AHHhYhSZ6xdvYo1q1Zsev7+lFf5XuedA6dKb8jwkdwzfiq/H/cG\nI27+Pbv3PojhN94ZOlZWnp22gMF9uwAwuG8Xxk2dn+YTgWVxkKUmO5SF3n2+DbgKaLa1FSQNA4YB\ndOzUKa8bLy0t5dbb72LgsUdRWVnJmUPPpnuP5B+RAzj/nNOZOOEVPl+2lJ7du3D51ddx6hlnhY6V\n1oovlvLAdecDsLGykn37DWTXHxwSOFXtc++FfeizWzu2b9qAGXecyM1PvM2tY9/lwYv7cvohXZm/\nNDolJ/mSt/sss8KMO0gaABxjZhdIOhS4It2YYs+evey1N6ZUt0oifbEyyeeCVW/09AWhI+TE7/tc\ns1Y8+99sWDYnrxVsr3162riXJma8fnmrBlOrmzosXwrZUzwIOC6eqaIh0FzSw2Z2WgG36ZwrIsnr\nJxZwTNHMRppZuZntCJwC/MsLonMuVV0cU3TOua1K4mV+NVIUzezfwL9rYlvOuSKSvJroPUXnXDgJ\nrIleFJ1zYUjJvKLFi6JzLpzk1UQvis65cBJYE70oOufCSeDesxdF51woyZx524uicy4IkcyeYnHO\npumccwXiPUXnXDBJ7Cl6UXTOBeNjis45F4tO3g6d4ru8KDrnwvGi6Jxz3/DdZ+ecS5HEAy1+So5z\nLph83s1PUn9J70uaLenqXDN5UXTOhZOnqhjfX/5u4GigOzBYUvdcInlRdM4Foyz+S2M/YLaZzTGz\ndcBjwPG5ZErUmOK0aVOXNtpO8wrUfBtgaYHaLiTPXfOKNXshc38/3w2+OW3q+Mb11SaLjzSUlHq7\nz1FmNip+Xgak3uh6AfCDXHIlqiiaWdtCtS1pSk3cHjHfPHfNK9bsxZbbzPqHzrAlvvvsnKsNKoCO\nKa/L42VZ86LonKsNJgM7SeosqT7RbZWfzqWhRO0+F9io9KskkueuecWavVhzbzMz2yDpImA8UA+4\n38xm5NKWzCyv4Zxzrpj57rNzzqXwouiccym8KDpXS0hJvJK4+NTaoihpF0kHSNouvgSoqBRp5m6S\neklqEDpLNiT1kHSIpO1DZ8mWpD6STgcwM/PCuO1q5dFnST8Cfk10nlIFMEXSg2b2ddhk6Una2cw+\nMLNKSfXMrDJ0pkxIGkD0b74M+FTS9Wb2QeBYaUk6GvgNMAfYTtI5ZvZp4FhpSSoBGgP3RC/VxMz+\nGBfGEjPbGDhi0ap1PUVJ2wGDgHPMrB/wFNFJnT+T1DxouDTiwjJd0qMAVYUxcKy0JB0I3AKcaWaH\nAV8AOc9SUlMkHQrcDpxrZicA64Ddg4bKkJltNLMVwEPAfcCBkkZUvRc0XJGrdUUx1hzYKX7+JPAM\nsB1walJ3LyQ1AS4CLgXWSXoYiqcwAr8xszfj59cDrYtgN/oz4CdmNklSe6JrZS+SdI+kk5L6XdnM\nBqI/+g8B+0n6naSbFKmtv98FVev+0cxsPfA74EeS+sZ/NScA04E+QcNVw8xWAmcDjwJXEF38vqkw\nhsyWgTeAv8OmsdAGRBMINI+XJXKszsxmmdlL8ctzgN/HPcaJwElEEywk3VPAp2b2IjAF+CnQ3CLe\nY8xBrSuKsVeB54HTJR1sZpVm9ijQAdgrbLStM7OFZrbCzJYCPwEaVRVGSftK2jVswi2L/32rxmsF\nfAl8bmZLJA0BbpDUKFzC9MzsRjO7IX7+IFFB71jth5JhNbCLpPOICuLNQCdJPwkbq3jVygMtZrZG\n0iOAASPjYrIWaAcsChouQ2a2LP5i3yLpPaJLlw4LHCstM9sArJA0X9JNwJHAUDNbHTjaVkmSpVza\nJem/iL4rC8OlyoyZLZQ0H7gOuNDMxko6DJgdOFrRqtWX+cUXhh9E1OtaA9yeMu5VFOLB858BR5jZ\nO6HzpBOPw20HzIr/38/MPgybKjPxGOhpwGXAIDN7N3CkjEjqCOxgZlPj1370eRvU6qJYJR7nKrox\nFkmtgL8Cl5vZ26HzZEPSUGByrhflhxCfuXAE8JGZvR86T7Y27/G63NSJoljMJDU0szWhc2TLf0Fd\nsfKi6JxzKWrr0WfnnMuJF0XnnEvhRdE551J4UXTOuRReFGsJSZWSpkt6V9LjkhpvQ1uHSnomfn6c\npK1O7iCppaQLctjGLyRdkenyzdZ5UNJJWWxrR0lFcc6hC8+LYu2x2sz2NrPdiWZ7+Wnqm7lOEGBm\nT5vZzdWs0hLIuig6l1ReFGunV4FucQ/pfUl/Bt4FOko6UtJESdPiHmVTAEn9Jb0naRrwo6qGJA2V\ndFf8vJ2kJyW9FT8OJLrWtmvcS70lXu9KSZMlvS3plyltXSPpA0kTgF3S/RCSzovbeUvSE5v1fn8o\naUrc3oB4/XqSbknZtl//67LmRbGWkVQKHA1UXRK4E9HsLz2AlcC1wA/NbF+iWVUuk9QQ+BMwEOgJ\ntN9K83cAL5vZXsC+wAyieRM/inupV0o6Mt7mfsDeQE9JB0vqSXQv3r2BY4DeGfw4fzez3vH2ZhHN\nZFNlx3gbxwJ/jH+Gc4CvzKx33P55kjpnsB3nNqmVE0LUUY0kTY+fv0o08WgHYJ6ZvR4v3x/oDrwW\nTxVYn2iarF2BuVXXKMcz8wzbwjYOB86ATdOZfRVfipjqyPhRdY15U6Ii2Qx40sxWxdvI5Eblu0u6\ngWgXvSnRPX2r/DW+bPNDSXPin+FIYM+U8cYW8bYTPwO4Sw4virXHajPbO3VBXPhWpi4CXjCzwZut\n963PbSMBN5nZPZtt49Ic2noQOMHM3oqvpT405b3NL8WyeNsXm1lq8UTSjjls29VRvvtct7wOHCSp\nG0SzfUvaGXgP2FFS13i9wVv5/IvA+fFn60lqASwn6gVWGQ+cnTJWWSZpB+AV4ARJjSQ1I9pVT6cZ\nsCieqGHIZu+dLKkkztwFeD/e9vnx+kjaWdGM5s5lzHuKdUg86etQYLS+uVXAtWb2gaRhwD8krSLa\n/W62hSYuAUZJOgeoBM43s4mSXotPeXk2HlfcDZgY91RXAKeZ2TRJY4C3gMXA5AwiX0c0q/eS+P+p\nmT4BJhFNBvvTeA7Ne4nGGqfFU5gtAU7I7F/HuYhPCOGccyl899k551J4UXTOuRReFJ1zLoUXReec\nS+FF0TnnUnhRdM65FF4UnXMuxf8HJ+jn2pUTSoYAAAAASUVORK5CYII=\n",
      "text/plain": [
       "<matplotlib.figure.Figure at 0x1109f1d30>"
      ]
     },
     "metadata": {},
     "output_type": "display_data"
    }
   ],
   "source": [
    "acc = mt.accuracy_score(y_test,ensemble_y_hat)\n",
    "            #         lr_clf_accuracies.append(acc)\n",
    "            #         cost_accuracies.append([acc])\n",
    "\n",
    "ensemble_conf = mt.confusion_matrix(y_test,ensemble_y_hat)\n",
    "plot_confusion_matrix(ensemble_conf, classes=[0, 1, 2, 3, 4])"
   ]
  },
  {
   "cell_type": "code",
   "execution_count": 13,
   "metadata": {
    "collapsed": false
   },
   "outputs": [
    {
     "name": "stdout",
     "output_type": "stream",
     "text": [
      "Confusion matrix, without normalization\n",
      "[[ 3  6  3  0  1]\n",
      " [ 2 10  6  1  1]\n",
      " [ 1  4  9  7  4]\n",
      " [ 1  2  5  9  3]\n",
      " [ 0  2  1  5 12]]\n"
     ]
    },
    {
     "data": {
