{
 "cells": [
  {
   "cell_type": "code",
   "execution_count": 1,
   "metadata": {
    "collapsed": false
   },
   "outputs": [],
   "source": [
    "import itertools\n",
    "import pandas as pd\n",
    "import numpy as np\n",
    "import matplotlib.pyplot as plt\n",
    "import warnings\n",
    "warnings.simplefilter('ignore', DeprecationWarning)\n",
    "%matplotlib inline \n",
    "%load_ext memory_profiler\n",
    "from sklearn.metrics import make_scorer\n",
    "from scipy.special import expit\n",
    "import time\n",
    "import math\n",
    "import random\n",
    "from memory_profiler import memory_usage\n",
    "from sklearn import metrics as mt\n",
    "from sklearn.neural_network import MLPClassifier\n",
    "from sklearn.model_selection import StratifiedKFold\n",
    "\n",
    "\n",
    "\n",
    "from sklearn.decomposition import PCA\n",
    "from sklearn.pipeline import Pipeline\n",
    "from sklearn.model_selection import GridSearchCV\n",
    "\n",
    "target_classifier = 'PC'\n",
    "df = pd.read_csv('responses.csv', sep=\",\")"
   ]
  },
  {
   "cell_type": "code",
   "execution_count": 2,
   "metadata": {
    "collapsed": true
   },
   "outputs": [],
   "source": [
    "# remove rows whose target classfier value is NaN\n",
    "df_cleaned_classifier = df[np.isfinite(df[target_classifier])]\n",
    "# change NaN number values to the mean\n",
    "df_imputed = df_cleaned_classifier.fillna(df.mean())\n",
    "# get categorical features\n",
    "object_features = list(df_cleaned_classifier.select_dtypes(include=['object']).columns)\n",
    "# one hot encode categorical features\n",
    "one_hot_df = pd.concat([pd.get_dummies(df_imputed[col],prefix=col) for col in object_features], axis=1)\n",
    "# drop object features from imputed dataframe\n",
    "df_imputed_dropped = df_imputed.drop(object_features, 1)\n",
    "frames = [df_imputed_dropped, one_hot_df]\n",
    "# concatenate both frames by columns\n",
    "df_fixed = pd.concat(frames, axis=1)"
   ]
  },
  {
   "cell_type": "code",
   "execution_count": 3,
   "metadata": {
    "collapsed": false
   },
   "outputs": [
    {
     "data": {
      "text/plain": [
       "make_scorer(get_confusion_costTot, greater_is_better=False)"
      ]
     },
     "execution_count": 3,
     "metadata": {},
     "output_type": "execute_result"
    }
   ],
   "source": [
    "# Research on Cost Matrix\n",
    "# http://www.ibm.com/support/knowledgecenter/SSEPGG_11.1.0/com.ibm.im.model.doc/c_cost_matrix.html\n",
    "\n",
    "cost_matrix = np.matrix([[0,1,2,3,4],\n",
    "[1,0,1,2,3],\n",
    "[3,1,0,1,2],\n",
    "[5,3,1,0,1],\n",
    "[7,5,2,1,0]])\n",
    "\n",
    "def get_confusion_costTot(confusion_matrix, cost_matrix):\n",
    "    score = np.sum(confusion_matrix*cost_matrix)\n",
    "    return score\n",
    "\n",
    "confusion_scorer = make_scorer(get_confusion_costTot, greater_is_better=False)\n",
    "confusion_scorer"
   ]
  },
  {
   "cell_type": "code",
   "execution_count": 4,
   "metadata": {
    "collapsed": false
   },
   "outputs": [
    {
     "name": "stdout",
     "output_type": "stream",
     "text": [
      "StratifiedKFold(n_splits=10, random_state=None, shuffle=True)\n"
     ]
    }
   ],
   "source": [
    "from sklearn.model_selection import ShuffleSplit\n",
    "\n",
    "# we want to predict the X and y data as follows:\n",
    "if target_classifier in df_fixed:\n",
    "    y = df_fixed[target_classifier].values # get the labels we want\n",
    "    del df_fixed[target_classifier] # get rid of the class label\n",
    "    X = df_fixed.values # use everything else to predict!\n",
    "\n",
    "X = X/5\n",
    "num_folds = 10\n",
    "\n",
    "cv_object = StratifiedKFold(n_splits= num_folds, random_state=None, shuffle=True)\n",
    "cv_object.split(X,y)\n",
    "\n",
    "print(cv_object)"
   ]
  },
  {
   "cell_type": "code",
   "execution_count": 5,
   "metadata": {
    "collapsed": false
   },
   "outputs": [],
   "source": [
    "for train_indices, test_indices in cv_object.split(X,y): \n",
    "        # I will create new variables here so that it is more obvious what \n",
    "        # the code is doing (you can compact this syntax and avoid duplicating memory,\n",
    "        # but it makes this code less readable)\n",
    "        X_train = (X[train_indices])\n",
    "        y_train = y[train_indices]\n",
    "\n",
    "    #     print(X_train)\n",
    "    #     print(y_train)\n",
    "\n",
    "        X_test = (X[test_indices])\n",
    "        y_test = y[test_indices]"
   ]
  },
  {
   "cell_type": "code",
   "execution_count": 6,
   "metadata": {
    "collapsed": false
   },
   "outputs": [],
   "source": [
    "\n",
    "\n",
    "\n",
    "clf = MLPClassifier()\n",
    "    \n",
    "\n"
   ]
  },
  {
   "cell_type": "code",
   "execution_count": 7,
   "metadata": {
    "collapsed": false
   },
   "outputs": [],
   "source": [
    "from sklearn.ensemble import BaggingClassifier\n",
    "\n",
    "class MyEnsemble():\n",
    "    \n",
    "    def __init__(self, c, num_c, max_s, v):\n",
    "        self.Ensemble = BaggingClassifier(base_estimator= c,\n",
    "                                    n_estimators = num_c,\n",
    "                                     max_samples = max_s,\n",
    "                                     verbose = v)\n",
    "    def predict(self, X):\n",
    "        return self.Ensemble.predict(X)\n",
    "    \n",
    "    def fit(self, X,y):\n",
    "        self.Ensemble.fit(X,y)\n",
    "        \n",
    "        \n",
    "    def predict_proba(self, X):\n",
    "        return self.Ensemble.predict_proba(X)"
   ]
  },
  {
   "cell_type": "code",
   "execution_count": 8,
   "metadata": {
    "collapsed": false
   },
   "outputs": [
    {
     "name": "stdout",
     "output_type": "stream",
     "text": [
      "[[ 2  1  3  1  0]\n",
      " [ 7 11  3  3  3]\n",
      " [ 3  4 11  7  3]\n",
      " [ 1  4  6  3  2]\n",
      " [ 0  0  2  6 12]]\n",
      "(906, 172)\n"
     ]
    }
   ],
   "source": [
    "num_instances = 10\n",
    "\n",
    "\n",
    "ensemble = MyEnsemble(clf, 10,y_train.shape[0],False)\n",
    "\n",
    "ensemble.fit(X_train,y_train)\n",
    "y_hat=ensemble.predict(X_test)\n",
    "# print(y_hat)\n",
    "print(mt.confusion_matrix(y_hat,y_test))\n",
    "\n",
    "print(X_train.shape)"
   ]
  },
  {
   "cell_type": "code",
   "execution_count": 9,
   "metadata": {
    "collapsed": false
   },
   "outputs": [
    {
     "data": {
      "text/plain": [
       "array([[ 0.07261346,  0.39275305,  0.21540101,  0.2528795 ,  0.06635298],\n",
       "       [ 0.15502864,  0.42124164,  0.13576637,  0.22433219,  0.06363117],\n",
       "       [ 0.00392477,  0.02487786,  0.06821975,  0.16312687,  0.73985074],\n",
       "       [ 0.04277557,  0.03377863,  0.20667475,  0.19450573,  0.52226531],\n",
       "       [ 0.02823265,  0.33139554,  0.36153287,  0.15872421,  0.12011472],\n",
       "       [ 0.00539658,  0.02166388,  0.08022311,  0.06711722,  0.82559922],\n",
       "       [ 0.08664212,  0.38301833,  0.28296294,  0.19272667,  0.05464994],\n",
       "       [ 0.04116246,  0.13159183,  0.17430968,  0.41395728,  0.23897875],\n",
       "       [ 0.06745123,  0.49288415,  0.15523913,  0.180574  ,  0.1038515 ],\n",
       "       [ 0.22639684,  0.36540798,  0.22490004,  0.12345141,  0.05984374],\n",
       "       [ 0.03597369,  0.04938047,  0.16381576,  0.53225185,  0.21857822],\n",
       "       [ 0.04222761,  0.21311088,  0.19730913,  0.2652431 ,  0.28210928],\n",
       "       [ 0.0132217 ,  0.06441528,  0.17387181,  0.26000151,  0.48848971],\n",
       "       [ 0.54615499,  0.26185071,  0.1230266 ,  0.03175092,  0.03721678],\n",
       "       [ 0.0621211 ,  0.08887773,  0.2146168 ,  0.30436717,  0.3300172 ],\n",
       "       [ 0.19990207,  0.43501723,  0.06320418,  0.26135922,  0.04051729],\n",
       "       [ 0.07915361,  0.16189291,  0.22536292,  0.43763614,  0.09595442],\n",
       "       [ 0.0595506 ,  0.14862471,  0.26211062,  0.42398455,  0.10572952],\n",
       "       [ 0.17875696,  0.241521  ,  0.41933586,  0.09000059,  0.0703856 ],\n",
       "       [ 0.17141493,  0.44969173,  0.25862163,  0.08418778,  0.03608393],\n",
       "       [ 0.05119388,  0.36041019,  0.2199047 ,  0.26339521,  0.10509602],\n",
       "       [ 0.03710436,  0.09925325,  0.22402662,  0.32179709,  0.31781868],\n",
       "       [ 0.22351045,  0.2554481 ,  0.20058653,  0.22829448,  0.09216043],\n",
       "       [ 0.24791571,  0.4616957 ,  0.10877803,  0.13614975,  0.04546082],\n",
       "       [ 0.4860839 ,  0.28060614,  0.14732854,  0.05117254,  0.03480888],\n",
       "       [ 0.01554207,  0.04102034,  0.0659112 ,  0.26390626,  0.61362013],\n",
       "       [ 0.07595554,  0.22691227,  0.33631   ,  0.28644167,  0.07438052],\n",
       "       [ 0.22624205,  0.31125264,  0.26142677,  0.10445671,  0.09662183],\n",
       "       [ 0.08317629,  0.37128416,  0.17440445,  0.28234356,  0.08879155],\n",
       "       [ 0.0074083 ,  0.05522935,  0.15477808,  0.51486088,  0.26772339],\n",
       "       [ 0.25805741,  0.16330272,  0.31664417,  0.18519904,  0.07679666],\n",
       "       [ 0.01230865,  0.03818387,  0.21385046,  0.16285211,  0.57280491],\n",
       "       [ 0.0505969 ,  0.08801607,  0.45127868,  0.25435936,  0.15574899],\n",
       "       [ 0.01235207,  0.10140569,  0.16890674,  0.31765705,  0.39967844],\n",
       "       [ 0.22530557,  0.27361284,  0.35959464,  0.10352462,  0.03796232],\n",
       "       [ 0.21833027,  0.14078437,  0.52388835,  0.04950263,  0.06749438],\n",
       "       [ 0.05601115,  0.2839739 ,  0.32054412,  0.21731932,  0.12215151],\n",
       "       [ 0.00404083,  0.02710726,  0.04295207,  0.17146813,  0.7544317 ],\n",
       "       [ 0.1272573 ,  0.3646508 ,  0.3512954 ,  0.09188053,  0.06491598],\n",
       "       [ 0.69793952,  0.14154233,  0.07256211,  0.06413406,  0.02382198],\n",
       "       [ 0.20471271,  0.34665181,  0.30974858,  0.09617269,  0.04271421],\n",
       "       [ 0.28995944,  0.44268488,  0.11925849,  0.09913755,  0.04895964],\n",
       "       [ 0.03569732,  0.08340894,  0.33790099,  0.21644393,  0.32654883],\n",
       "       [ 0.05070501,  0.23625938,  0.22711314,  0.42709053,  0.05883193],\n",
       "       [ 0.02624976,  0.09342624,  0.41066043,  0.23132566,  0.23833791],\n",
       "       [ 0.2017974 ,  0.17667772,  0.45042058,  0.09481537,  0.07628893],\n",
       "       [ 0.03568808,  0.21987193,  0.52630046,  0.14244409,  0.07569544],\n",
       "       [ 0.0120019 ,  0.03531901,  0.10793053,  0.24509015,  0.59965841],\n",
       "       [ 0.24286133,  0.27361193,  0.35325873,  0.0734356 ,  0.05683241],\n",
       "       [ 0.01502007,  0.05742839,  0.31462061,  0.38362969,  0.22930125],\n",
       "       [ 0.07248086,  0.37011376,  0.36158779,  0.12596707,  0.06985051],\n",
       "       [ 0.23106351,  0.34747627,  0.24200207,  0.11527513,  0.06418302],\n",
       "       [ 0.00923907,  0.03108113,  0.07739083,  0.25055529,  0.63173368],\n",
       "       [ 0.11319149,  0.14972177,  0.25930562,  0.42350565,  0.05427546],\n",
       "       [ 0.10935136,  0.17822035,  0.24336325,  0.30860529,  0.16045975],\n",
       "       [ 0.08244877,  0.40995847,  0.26948815,  0.12750729,  0.11059732],\n",
       "       [ 0.07798782,  0.25547398,  0.4529203 ,  0.14501794,  0.06859997],\n",
       "       [ 0.36553893,  0.28027063,  0.24116021,  0.05662634,  0.05640388],\n",
       "       [ 0.01090538,  0.04360411,  0.18367288,  0.24343899,  0.51837864],\n",
       "       [ 0.07750901,  0.07812858,  0.28564164,  0.22247731,  0.33624345],\n",
       "       [ 0.13763271,  0.27644236,  0.34250569,  0.19162529,  0.05179395],\n",
       "       [ 0.02519759,  0.07925922,  0.3059308 ,  0.32492424,  0.26468815],\n",
       "       [ 0.04193787,  0.11583458,  0.16212107,  0.28469091,  0.39541557],\n",
       "       [ 0.07718472,  0.13000145,  0.33119902,  0.28776159,  0.17385322],\n",
       "       [ 0.06300586,  0.18920645,  0.5135027 ,  0.17129376,  0.06299123],\n",
       "       [ 0.2173661 ,  0.5646935 ,  0.12688254,  0.05899268,  0.03206517],\n",
       "       [ 0.02981288,  0.1769008 ,  0.24248219,  0.29374963,  0.25705449],\n",
       "       [ 0.17779651,  0.56373351,  0.16023385,  0.06401909,  0.03421704],\n",
       "       [ 0.07612209,  0.23921268,  0.19397445,  0.30927426,  0.18141652],\n",
       "       [ 0.02928045,  0.11405352,  0.37787202,  0.12731809,  0.35147593],\n",
       "       [ 0.02233669,  0.30092047,  0.37804199,  0.24137572,  0.05732514],\n",
       "       [ 0.02954604,  0.0766445 ,  0.43858271,  0.32395573,  0.13127101],\n",
       "       [ 0.03856438,  0.11086391,  0.4124836 ,  0.28182253,  0.15626558],\n",
       "       [ 0.16305244,  0.09141694,  0.59841917,  0.06974826,  0.07736319],\n",
       "       [ 0.11947484,  0.21891411,  0.22725437,  0.38495473,  0.04940196],\n",
       "       [ 0.14807128,  0.43405351,  0.28815593,  0.0931887 ,  0.03653057],\n",
       "       [ 0.12684737,  0.22177127,  0.3141747 ,  0.18388437,  0.15332229],\n",
       "       [ 0.01893932,  0.10917647,  0.20114696,  0.49486216,  0.17587508],\n",
       "       [ 0.01905715,  0.02643933,  0.13928299,  0.33101333,  0.48420719],\n",
       "       [ 0.23103936,  0.43933497,  0.17757103,  0.09856107,  0.05349356],\n",
       "       [ 0.09086678,  0.11152065,  0.45583641,  0.16341245,  0.17836372],\n",
       "       [ 0.07333123,  0.08400587,  0.27591535,  0.45110988,  0.11563767],\n",
       "       [ 0.27617421,  0.36601485,  0.18224094,  0.11134336,  0.06422665],\n",
       "       [ 0.33756626,  0.27738364,  0.24686314,  0.09873839,  0.03944857],\n",
       "       [ 0.00474548,  0.02085519,  0.04456719,  0.17615043,  0.75368171],\n",
       "       [ 0.36088286,  0.23329277,  0.17706435,  0.17724628,  0.05151373],\n",
       "       [ 0.12556462,  0.19808173,  0.39536344,  0.21919695,  0.06179328],\n",
       "       [ 0.12107794,  0.612291  ,  0.15662714,  0.0814701 ,  0.02853382],\n",
       "       [ 0.01796912,  0.17291045,  0.27149705,  0.25493369,  0.28268969],\n",
       "       [ 0.15427459,  0.34168254,  0.22072458,  0.23208899,  0.0512293 ],\n",
       "       [ 0.12502261,  0.43797787,  0.28951226,  0.06705894,  0.08042832],\n",
       "       [ 0.00815898,  0.04258652,  0.09237764,  0.25743579,  0.59944107],\n",
       "       [ 0.03253515,  0.24404197,  0.51883401,  0.17303396,  0.03155491],\n",
       "       [ 0.00584575,  0.01921406,  0.1471099 ,  0.16454746,  0.66328282],\n",
       "       [ 0.3238534 ,  0.50339034,  0.11496819,  0.03898035,  0.01880772],\n",
       "       [ 0.09919629,  0.2464445 ,  0.48916045,  0.08142236,  0.08377641],\n",
       "       [ 0.39912734,  0.22234767,  0.2866254 ,  0.05434078,  0.0375588 ],\n",
       "       [ 0.03750017,  0.21377092,  0.43314265,  0.15656126,  0.159025  ]])"
      ]
     },
     "execution_count": 9,
     "metadata": {},
     "output_type": "execute_result"
    }
   ],
   "source": [
    "ensemble.predict_proba(X_test)"
   ]
  },
  {
   "cell_type": "code",
   "execution_count": 10,
   "metadata": {
    "collapsed": true
   },
   "outputs": [],
   "source": [
    "def plot_confusion_matrix(cm, classes,\n",
    "                          normalize=False,\n",
    "                          title='Confusion matrix',\n",
    "                          cmap=plt.cm.Blues):\n",
    "    \"\"\"\n",
    "    This function prints and plots the confusion matrix.\n",
    "    Normalization can be applied by setting `normalize=True`.\n",
    "    \"\"\"\n",
    "    plt.imshow(cm, interpolation='nearest', cmap=cmap)\n",
    "    plt.title(title)\n",
    "    plt.colorbar()\n",
    "    tick_marks = np.arange(len(classes))\n",
    "    plt.xticks(tick_marks, classes, rotation=45)\n",
    "    plt.yticks(tick_marks, classes)\n",
    "\n",
    "    if normalize:\n",
    "        cm = cm.astype('float') / cm.sum(axis=1)[:, np.newaxis]\n",
    "        print(\"Normalized confusion matrix\")\n",
    "    else:\n",
    "        print('Confusion matrix, without normalization')\n",
    "\n",
    "    print(cm)\n",
    "\n",
    "    thresh = cm.max() / 2.\n",
    "    for i, j in itertools.product(range(cm.shape[0]), range(cm.shape[1])):\n",
    "        plt.text(j, i, cm[i, j],\n",
    "                 horizontalalignment=\"center\",\n",
    "                 color=\"white\" if cm[i, j] > thresh else \"black\")\n",
    "\n",
    "    plt.tight_layout()\n",
    "    plt.ylabel('True label')\n",
    "    plt.xlabel('Predicted label')"
   ]
  },
  {
   "cell_type": "code",
   "execution_count": 11,
   "metadata": {
    "collapsed": false
   },
   "outputs": [
    {
     "name": "stdout",
     "output_type": "stream",
     "text": [
      "Confusion matrix, without normalization\n",
      "[[ 2  7  3  1  0]\n",
      " [ 1 11  4  4  0]\n",
      " [ 3  3 11  6  2]\n",
      " [ 1  3  7  3  6]\n",
      " [ 0  3  3  2 12]]\n"
     ]
    },
    {
     "data": {
      "image/png": "iVBORw0KGgoAAAANSUhEUgAAAUUAAAEmCAYAAAD1FIKpAAAABHNCSVQICAgIfAhkiAAAAAlwSFlz\nAAALEgAACxIB0t1+/AAAIABJREFUeJzt3XmcFNW5//HPd2YAZRWFYBhwAQQFFFRwQ1QkCijikrgi\nBkUxioq7osk1i4nJNb8kevXGkGjEfYkal5ioMRqUK8oiKosLgggDymYQEIaZ4fn90TXYIEwvdPep\nnnneefWL7urqU9/pjM+cOlV1SmaGc865hJLQAZxzLk68KDrnXBIvis45l8SLonPOJfGi6JxzSbwo\nOudcEi+KDYikHSU9K2mVpMe3o53hkl7MZbZQJPWX9EHoHC4+5Ocpxo+ks4Argb2B1cAM4Odm9vp2\ntjsCuBQ4zMyqtztozEkyYC8zmxs6iyse3lOMGUlXAr8DfgG0A3YD7gSG5aD53YEPG0JBTIekstAZ\nXAyZmT9i8gBaAWuAU+tYpwmJork4evwOaBK9dxSwCLgKWAosAc6N3vsJsAGoirYxCvgx8EBS23sA\nBpRFr0cC80j0VucDw5OWv570ucOAKcCq6N/Dkt57FfgZMClq50WgzTZ+ttr81yblPwk4DvgQWAnc\nkLT+QcAbwH+ide8AGkfvTYx+lrXRz3t6UvvXAZ8B99cuiz7TOdrGAdHr9sAy4KjQvxv+KNzDe4rx\nciiwA/BUHevcCBwC9AZ6kSgMP0x6f1cSxbWcROG7U1JrM7uJRO/zUTNrbmZ31xVEUjPgdmCImbUg\nUfhmbGW9nYG/RevuAvwG+JukXZJWOws4F/gW0Bi4uo5N70riOygH/gv4I3A2cCDQH/iRpD2jdWuA\nK4A2JL67gcDFAGZ2RLROr+jnfTSp/Z1J9JpHJ2/YzD4mUTAfkNQU+DMwwcxerSOvq2e8KMbLLsBy\nq3v3djjwUzNbambLSPQARyS9XxW9X2Vmz5PoJXXLMs9GoKekHc1siZnN2so6xwMfmdn9ZlZtZg8D\n7wMnJK3zZzP70MzWAY+RKOjbUkVi/LQKeIREwbvNzFZH259N4o8BZjbNzCZH2/0E+ANwZBo/001m\nVhnl2YyZ/RGYC7wJfJvEHyHXgHhRjJcVQJsUY13tgQVJrxdEyza1sUVR/QponmkQM1tLYpfzB8AS\nSX+TtHcaeWozlSe9/iyDPCvMrCZ6Xlu0Pk96f13t5yV1lfScpM8kfUmiJ9ymjrYBlpnZ+hTr/BHo\nCfyPmVWmWNfVM14U4+UNoJLEONq2LCax61drt2hZNtYCTZNe75r8ppm9YGbHkOgxvU+iWKTKU5up\nIstMmfg9iVx7mVlL4AZAKT5T5+kWkpqTGKe9G/hxNDzgGhAvijFiZqtIjKPdKekkSU0lNZI0RNJ/\nR6s9DPxQUltJbaL1H8hykzOAIyTtJqkVMK72DUntJJ0YjS1WktgN37iVNp4Huko6S1KZpNOB7sBz\nWWbKRAvgS2BN1Iu9aIv3Pwc6ZdjmbcBUMzufxFjpXdud0hUVL4oxY2b/j8Q5ij8kceRzIXAJ8Ndo\nlZuBqcC7wHvA9GhZNtt6CXg0amsamxeykijHYhJHZI/km0UHM1sBDCVxxHsFiSPHQ81seTaZMnQ1\niYM4q0n0Yh/d4v0fAxMk/UfSaakak3QiMJivf84rgQMkDc9ZYhd7fvK2c84l8Z6ic84l8aLonKsX\nJN0jaamkmUnLbpX0vqR3JT0laadU7XhRdM7VF/eSGBNO9hLQ08z2I3FV1LgtP7QlL4rOuXrBzCaS\nOCiYvOzFpPN2JwMdUrUTqwviW+/cxso77hY6RsYWrUp1LnB87dqiSegIWWlSVpx/z8tKUp1GGU8L\nFnzC8uXLcxq+tOXuZtXfuKhom2zdsllA8n9s481sfAabPI9vnqHwDbEqiuUdd+Pxv78WOkbGxj0/\nJ3SErF17ZOfQEbKy57eahY6QldbNGoeOkJV+B/fJeZtWvY4m3VKeKbXJ+hl3rjezrIJIuhGoBh5M\ntW6siqJzriERKP89fkkjSZxLO9DSOAfRi6JzLgwByu9wgqTBJC4oONLMvkrnM14UnXPh5LCnKOlh\nEvNjtpG0CLiJxNHmJsBLShTgyWb2g7ra8aLonAtEUFKas9bM7MytLK5z3tCt8aLonAsnz7vP2fCi\n6JwLQxTkQEumvCg65wKR9xSdc24z3lN0zrkk3lN0zrlahTl5O1NeFJ1zYRTg5O1seFF0zoXjPUXn\nnKslKM3dydu54kXROReGn6dYeEsqFjFu7AUsX74USZw2/FxGnD8mdKy0tG/VhGuO/npar3YtmvDw\ntAqenbU0YKrUKivXM+asoVRtqKS6ppoBg4Zx/tiUkx3HwhVjRvPPF56nTdu2vPLG26HjZOTFF/7B\n1VeOpaamhpHnnc81114fOlJ6fEyxsMrKyrj2plvovm9v1q5ZzfcG9+fQI46mS9d9QkdLafGqSq54\najYAJYK7z+zF5AX/CZwqtcaNm3D7fX+labPmVFdVcdGZQzjkyO/Qs3ff0NFSOv2sEZx7wUWMvei8\n0FEyUlNTw+WXjeFvf3+J8g4dOPyQvgwdOox9uncPHS2FeB59jl+iHGrbble679sbgGbNW9Bpr24s\n/WxJ4FSZ2699Sz5bXcmyNRtCR0lJEk2bNQegurqK6upqFMPewNYc0q8/rVu3Dh0jY1PeeovOnbuw\nZ6dONG7cmFNPP4Pnnn06dKz0SOk/CqReF8VkFQsXMGfmO+y3f+5nEM63wzvtzGsfrwgdI201NTV8\nf9gRDD20G337HUWPXsX3nReTxYsr6NCh46bX5eUdqKioCJgoAypJ/1Eged2SpMGSPpA0V1KwQY61\na9cw9oLhjPvJr2jeomWoGFkpKxEH7d6KSfO/CB0lbaWlpUx4ZiJPTZzJ7HenM+/D2aEjuTjKpJdY\nH3qKkkqBO4EhQHfgTEkFH+Soqqri8guGM/Tk0znmuBMLvfntdkCHVsxb/hWr1lWnXjlmWrRsxQEH\nH87k114OHaVea9++nEWLFm56XVGxiPLy8oCJMtDAeooHAXPNbJ6ZbQAeAQpalcyMH111MZ26dGPk\nhZcWctM507/zzkz8eGXqFWPii5XLWf3lKgAq169jyqRX2b1T18Cp6rc+ffsyd+5HfDJ/Phs2bODx\nRx/h+KHDQsdKT0PqKQLlwMKk14uiZQUzfcobPPPEw7z5f//m5GMO5eRjDuXfL79QyAjbpUlZCb3K\nWzL5k/gfda61YunnXDpiGOeccDijvjuQvv2Oot+AQaFjpeWiUSM44dgj+fijDzmweyceuu/PoSOl\npaysjN/edgcnHD+I3vvuw3dPPY3uPXqEjpUGxbKnGPyUHEmjgdEA3y7vmGLtzBx40GHMrliT0zYL\nqbJ6I+c8MCN0jIx02bsH9z7979AxsvL7u+8PHSFrg4ccx+Ahx4WOkRmR09sR5Eo+y28FkFzlOkTL\nNmNm482sj5n12XmXNnmM45yLl3j2FPO5pSnAXpL2lNQYOAN4Jo/bc84VmxiOKeZt99nMqiVdArwA\nlAL3mNmsfG3POVeEYnhFS17HFM3seeD5fG7DOVfEYni1U/ADLc65BkrxvPbZi6JzLhzvKTrn3Nfi\nOFmIF0XnXBCJW7R4UXTOuQQJlXhRdM65Tbyn6JxzSeJYFON3PNw512BISvuRRlv3SFoqaWbSsp0l\nvSTpo+jflFOre1F0zoWhDB+p3QsM3mLZ9cDLZrYX8HL0uk5eFJ1zQYj0e4np9BTNbCKw5eSjJwIT\noucTgJNSteNjis65YDIcU2wjaWrS6/FmNj7FZ9qZWe3d6j4D2qXaiBdF51wwGRbF5WaW9V3QzMwk\nWar1vCg654IpwNHnzyV928yWSPo2sDTVB3xM0TkXRu4PtGzNM8D3o+ffB1LeENt7is65IIQoKcld\nv0zSw8BRJMYeFwE3Ab8EHpM0ClgAnJaqHS+Kzrlgcrn7bGZnbuOtgZm040XRORdO/C5oiVdRLC0R\nOzVrFDpGxl547NXQEbJ2dp/2oSNkZfH8daEjZGVoz+L8vvNC8bzML1ZF0TnXsHhRdM65JF4UnXMu\nUnuZX9x4UXTOhRO/muhF0TkXiB9occ65zXlRdM65JH6PFuecS+I9Reeci6Q7eWyheVF0zgXjRdE5\n55J4UXTOuWTxq4leFJ1z4XhP0TnnavnJ28459zUBMayJXhSdc6GIkhievF3vb1x1xZjR7NulAwMO\n3T90lJTuunIQCx67mKnjR25adkr/rkwbP5K1/7iKA/ZKecva2KipqeGaM47llsvOCR0lI8Wa+8UX\n/sF+PbrRY+8u3PrfvwwdJ23buvH91h6FUu+L4ulnjeDBvzwbOkZa7n9pFife8JfNls36ZDln/PRp\nXn9vUaBU2Xn+oT9RvudeoWNkrBhz19TUcPllY3j62b/z9ruzefyRh5kze3boWKkpsfuc7qNQ6n1R\nPKRff1q3bh06RlomvbeIlavXb7bsg4Ur+WjRF4ESZWfF54uZ/vrLDDx5W/cRiqdizT3lrbfo3LkL\ne3bqROPGjTn19DN47tmUd/IMTkBJidJ+FEq9L4qu8P58602cPfaHOb19ZSEUa+7Fiyvo0KHjptfl\n5R2oqKgImCh9DaqnKOkeSUslzczXNlz8TJv4Eq12bkPn7vuFjpKRYs1d7OI4ppjPo8/3AncA9+Vx\nGy5m3p8xlan/fpG3X/8XGzZUsm7tam6/8VIu+/n/hI5Wp2LNDdC+fTmLFi3c9LqiYhHl5eUBE6Wp\nwD3AdOWtKJrZREl75Kt9F0/DLxvH8MvGATBr6v/xzH13FUVhKdbcAH369mXu3I/4ZP582peX8/ij\nj3Dv/Q+FjpVS4jzF+FXF4IMnkkZLmipp6ooVy3Pe/kWjRnDCsUfy8UcfcmD3Tjx0359zvo1cmTDu\neF793Vl07dCauQ9eyPcH92RYvy7MffBCDt7n2zx58yk884vvho7pYqasrIzf3nYHJxw/iN777sN3\nTz2N7j16hI6VhvR3nevL7nNazGw8MB6g1/4HWq7b//3d9+e6ybz5/i1/2+ryZybNLXCS3OjR5zB6\n9DksdIyMFWPuwUOOY/CQ40LHyFgMO4rhi6JzroESsbyixYuicy6IBjemKOlh4A2gm6RFkkbla1vO\nueKUy/MUJV0haZakmZIelrRDNpnyefS5uC4LcM4VXK56ipLKgcuA7ma2TtJjwBkkTg3MiO8+O+eC\nyfHecxmwo6QqoCmwOJtGgp+S45xroJS7K1rMrAL4NfApsARYZWYvZhPLi6JzLojaSWYzGFNsU3tO\nc/QYvaktqTVwIrAn0B5oJunsbHL57rNzLpCMT8pebmZ9tvHed4D5ZrYMQNKTwGHAA5mm8qLonAsm\nh2OKnwKHSGoKrAMGAlOzaciLonMujByevG1mb0r6CzAdqAbeJrpSLlNeFJ1zQeT65G0zuwm4aXvb\n8aLonAsmjle0eFF0zgUTw5roRdE5F473FJ1zrlZDm3nbOefqoszPUywIL4rOuWBiWBO9KDrnwimJ\nYVX0ouicCyaGNdGLonMuDAlK/XYEzjn3taI60CKpZV0fNLMvcx2msnoj85euzXWzeffyncV7p4WB\nY+4OHSEr5/2g+O5cB9DjW61CR8hKZfXGvLQbw5pYZ09xFmAkLlGsVfvagN3ymMs5V8+JxGk5cbPN\nomhmHQsZxDnX8MRwSDG9mbclnSHphuh5B0kH5jeWc67ey+BWBIUce0xZFCXdAQwARkSLvgLuymco\n51zDkMtbnOZKOkefDzOzAyS9DWBmKyU1znMu51w9J4r35O0qSSUkDq4gaRcgP4einHMNSgxrYlpj\nincCTwBtJf0EeB34VV5TOecahDiOKabsKZrZfZKmkbhbFsCpZjYzv7Gcc/VdsV/RUgpUkdiF9ntF\nO+dyIn4lMb2jzzcCD5O4wXQH4CFJ4/IdzDlX/xXl7jNwDrC/mX0FIOnnJG4feEs+gznn6rfE0efQ\nKb4pnaK4ZIv1yqJlzjmXvQL3ANNV14QQvyUxhrgSmCXphej1scCUwsRzztVnMayJdfYUa48wzwL+\nlrR8cv7iOOcakqLqKZpZcc4p5ZwrCkU7piipM/BzoDuwQ+1yM+uax1w5UVm5njFnDaVqQyXVNdUM\nGDSM88cWx4HzYsp+15WDGHJIZ5b95yv6jL4XgFP6d+XGEYex92670P/SB5j+0edhQ6ahcu2XvPK/\n/8XKT+eCxNFjfsau3XqHjpXSkopFjBt7AcuXL0USpw0/lxHnjwkdKy1F1VNMci9wM/BrYAhwLtEl\nf3HXuHETbr/vrzRt1pzqqiouOnMIhxz5HXr27hs6WkrFlP3+l2Zx1zNv86drv574ddYnyznjp09z\nx9hjAybLzOv33MJu+x/O4Gt+R03VBqo3rA8dKS1lZWVce9MtdN+3N2vXrOZ7g/tz6BFH06XrPqGj\n1UmC0hgWxXROxG5qZi8AmNnHZvZDEsUx9iTRtFlzAKqrq6iuro7lX6atKabsk95bxMrVmxeQDxau\n5KNFXwRKlLnKtatZPHsa+wz8LgCljRrTpFmdk8/HRtt2u9J930SPtlnzFnTaqxtLPyuOE0SKdZac\nymhCiI8l/QCoAFrkN1bu1NTUcN7JA6j4dD6nDB9Fj159QkdKWzFnLzarly5ix5at+dcdN7JiwQe0\n7dSDw8+7nkY7NA0dLSMVCxcwZ+Y77Ld/cfyuxPEPfTo9xSuAZsBlQD/gAuC8VB+S1FHSK5JmS5ol\naez2Rc1OaWkpE56ZyFMTZzL73enM+3B2iBhZKebsxWZjTQ3L5s2h56AzOO3XT1DWZEemP/Wn0LEy\nsnbtGsZeMJxxP/kVzVsURy83lz1FSTtJ+ouk9yXNkXRoNplSFkUze9PMVpvZp2Y2wsyGmdmkNNqu\nBq4ys+7AIcAYSd2zCZkLLVq24oCDD2fyay+HipC1Ys5eLJrv0o7mu7SjXdf9AOh86LEsmzcncKr0\nVVVVcfkFwxl68ukcc9yJoeOkRYgSpf9Iw23AP8xsb6AXkNX/gXWdvP0UdRxQMbNT6mrYzJYQXfli\nZqslzQHKgYJ1d75YuZyyska0aNmKyvXrmDLpVc4eHaTDmrFizl6MmrZuS/M2u/JFxXxal+/Jovcm\ns3OHzqFjpcXM+NFVF9OpSzdGXnhp6Djpy+FYoaRWwBHASAAz2wBsyKatusYU78imwa2RtAewP/Dm\nVt4bDYwGaNe+Q642CcCKpZ9z83UXs3FjDRs3buToISfRb8CgnG4jX4op+4Rxx9N/v460abUjcx+8\nkJ/dP4kvVq/nNxcPpE2rHXny5lN49+OlDLvhidBR69R/1A3887brqKmqolW7Dgy45ObQkdIyfcob\nPPPEw3TdpwcnH5PYY7z8+h9z5MB4/r4ky3BMsY2kqUmvx5vZ+Oj5nsAy4M+SegHTgLFmlvE9k2WW\n37NrJDUH/g383MyerGvdvffd3+558l95zeM25/d9LqxLDtk9dISsnDqkPzPfmZ7ToyLf6tLTTr/1\n8bTXv+OU7tPMbKtHkCT1IXG1XT8ze1PSbcCXZvajTHPldW5ESY1IzNr9YKqC6JxrWEROpw5bBCwy\ns9q90b8AB2STK29FUYmf4m5gjpn9Jl/bcc4VrxKl/6iLmX0GLJTULVo0kCyPX6Q78zaSmphZZQZt\n9yNxW9T3JM2Ilt1gZs9nEtA5Vz/l4XYElwIPRncbnUfi6ruMpXPt80EkenytgN2iQczzzazOw1xm\n9jrxnG3cORcTuayJZjYD2O6z1tPZfb4dGAqsiDb8DjBgezfsnHPFeplfiZkt2GKgsyZPeZxzDURi\n6rD47UymUxQXRrvQJqmUxH77h/mN5ZxrCOJ4a9B0iuJFJHahdwM+B/4ZLXPOue0Sw45i6qJoZkuB\nMwqQxTnXgCj9a5oLKp2jz39kK9dAm9novCRyzjUYMayJae0+/zPp+Q7AycDC/MRxzjUkRXmPFjN7\nNPm1pPuB1/OWyDnXIIicn7ydE2lf0ZJkT6BdroM45xqYNC7fCyGdMcUv+HpMsQRYCVyfz1DOuYZB\nMbzorc6iGE3q0IvEfVkANlq+5xpzzjUIcb3vc53nTkYF8Hkzq4keXhCdczmTq1lycpopjXVmSNo/\n70mccw1ODudTzJm67tFSZmbVJG4jMEXSx8BaEr1eM7OsJnB0zjmI7+5zXWOKb5GYuXZYgbI45xqS\nAs9+k666iqIAzOzjAmVxzjUwxXaZX1tJV27rTb/FgHNuexTj7nMp0JwCzp7dpKyEPb/VrFCby5n5\nSzO+i2JsDDrtqNARsjJ832+HjpCVOyYvCB0hK0vXZnUL5RREaZH1FJeY2U8LlsQ516Ak7uYXOsU3\npRxTdM65vCjCy/wGFiyFc65BKqoDLWa2spBBnHMNSzHuPjvnXF4VVU/ROefyLYY10Yuicy4MUbx3\n83POudwTBZ3oIV1eFJ1zwcSvJHpRdM4FIii6K1qccy6vYlgTvSg650Ip7OSx6YrjwR/nXANQe/Q5\n3UdabUqlkt6W9Fy2ubyn6JwLJg89xbHAHKBltg14T9E5F4wyeKRsS+oAHA/8aXsy1fue4hVjRvPP\nF56nTdu2vPLG26HjpK2ycj1jzhpK1YZKqmuqGTBoGOePHRc6VkrtWzXhmqM7b3rdrkUTHp5WwbOz\nlgZMlVqxft+1Ktd+ySv/+1+s/HQuSBw95mfs2q136Fh1y/w8xTaSpia9Hm9m45Ne/w64FmixPbHq\nfVE8/awRnHvBRYy96LzQUTLSuHETbr/vrzRt1pzqqiouOnMIhxz5HXr27hs6Wp0Wr6rkiqdmA4lp\noe4+sxeTF/wncKrUivX7rvX6Pbew2/6HM/ia31FTtYHqDetDR0opiytalptZn622JQ0FlprZNElH\nbU+uer/7fEi//rRu3Tp0jIxJommz5gBUV1dRXV0dyyN1ddmvfUs+W13JsjX5mLU5t4r5+65cu5rF\ns6exz8DvAlDaqDFNmmU9pFZQObzFaT9gmKRPgEeAoyU9kE2met9TLGY1NTWcd/IAKj6dzynDR9Gj\n11b/SMbW4Z125rWPV4SOkbZi/b5XL13Eji1b8687bmTFgg9o26kHh593PY12aBo6Wkq5mmTWzMYB\n4wCinuLVZnZ2VplyE+mbJO0g6S1J70iaJekn+dpWfVVaWsqEZyby1MSZzH53OvM+nB06UtrKSsRB\nu7di0vwvQkdJW7F+3xtralg2bw49B53Bab9+grImOzL9qe061lAQid1npf0olHzuPlcCR5tZL6A3\nMFjSIXncXr3VomUrDjj4cCa/9nLoKGk7oEMr5i3/ilXrqkNHyVixfd/Nd2lH813a0a7rfgB0PvRY\nls2bEzhVeqT0H+kys1fNbGi2mfJWFC1hTfSyUfSwfG2vvvli5XJWf7kKgMr165gy6VV279Q1cKr0\n9e+8MxM/Lp7J24v5+27aui3N2+zKFxXzAVj03mR27tA5xafiQBn9r1DyOqYoqRSYBnQB7jSzN/O5\nva25aNQI3nh9IitXLOfA7p246vofcdY55xY6RsZWLP2cm6+7mI0ba9i4cSNHDzmJfgMGhY6VliZl\nJfQqb8nvXy+e23kW8/cN0H/UDfzztuuoqaqiVbsODLjk5tCR0hLHY1l5LYpmVgP0lrQT8JSknmY2\nM3kdSaOB0QDlHXfLeYbf331/ztsshC579+Dep/8dOkZWKqs3cs4DM0LHyEgxf98Abfbch1P/+7HQ\nMTJSO6YYNwU5JcfM/gO8AgzeynvjzayPmfXZZZc2hYjjnIuDDMYTC9mjzOfR57ZRDxFJOwLHAO/n\na3vOueITx6KYz93nbwMTonHFEuAxM8t65grnXP1TyAMo6cpbUTSzd4H989W+c664idydvJ1LfkWL\ncy4Yv++zc84laVC7z845VxfffXbOuc0U9kqVdHlRdM6FUeBTbdLlRdE5F0wMa6IXRedcGIkxxfiV\nRS+Kzrlg4lcSvSg650KKYVX0ouicC8Z3n51zLkn8SqIXRedcSDGsil4UnXNBCL/MzznnvuYnbzvn\n3OZiWBO9KDrnAophVfSi6JwLxCeEcM65zfiYYgplJaJ1s8ahY2RsPmtDR8jatUcWw03Tv6kYf08A\n7vnZ/4aOkJXKxUtz3qaI5d5zvIqic65hUQy7il4UnXPBxLAmelF0zoUTw5pISegAzrkGShk+6mpK\n6ijpFUmzJc2SNDbbWN5TdM4Fk8NTcqqBq8xsuqQWwDRJL5nZ7Ewb8qLonAtC5G5M0cyWAEui56sl\nzQHKAS+KzrnikY8xRUl7APsDb2bzeS+KzrlwMquKbSRNTXo93szGb9ac1Bx4ArjczL7MJpIXRedc\nMBmOKS43sz7bbEtqRKIgPmhmT2abyYuicy6YkhztPytxFvjdwBwz+812ZcpNJOecy0KOTskB+gEj\ngKMlzYgex2UTyXuKzrkgcjnztpm9To6O23hRdM6F4TNvO+fc5mJYE70oOucCimFVrPdF8cUX/sHV\nV46lpqaGkeedzzXXXh86UloqK9cz5qyhVG2opLqmmgGDhnH+2HGhY6VUrLmXVCxi3NgLWL58KZI4\nbfi5jDh/TOhY23TXTcMZckRPlq1cTZ9TfwHALy4/ieOO6MmGqhrmL1rO6JseYNWadYGT1iWeM2/X\n66PPNTU1XH7ZGJ5+9u+8/e5sHn/kYebMzviqnyAaN27C7ff9lQnPvsaEpyfy5msvM3PGlNCxUirW\n3GVlZVx70y089+o0Hnn2FR6694/M/XBO6FjbdP+zkzlxzJ2bLXt58vsceOovOOj0W/howVKuOe/Y\nQOnSJ6X/KJR6XRSnvPUWnTt3Yc9OnWjcuDGnnn4Gzz37dOhYaZFE02bNAaiurqK6ujqWE3JuqVhz\nt223K9337Q1As+Yt6LRXN5Z+tiRwqm2bNP1jVq76arNlL09+n5qajQC89d58ytvtFCJa2nI4SU5O\n1euiuHhxBR06dNz0ury8AxUVFQETZaampobvDzuCoYd2o2+/o+jRa5sn88dKseauVbFwAXNmvsN+\n+xdX7mTnnHgoL0wqgr2iGFbFvBdFSaWS3pb0XL63Vd+UlpYy4ZmJPDVxJrPfnc68D4vgl5zizQ2w\ndu0axl7HdMHHAAAJw0lEQVQwnHE/+RXNW7QMHScr144aRE3NRh55Pv7DFiVS2o+CZSrANsYCQQZn\n2rcvZ9GihZteV1Qsory8PESU7dKiZSsOOPhwJr/2cugoGSm23FVVVVx+wXCGnnw6xxx3Yug4WTn7\nhIM57oiejLzx3tBR0hLDjmJ+i6KkDsDxwJ/yuZ1t6dO3L3PnfsQn8+ezYcMGHn/0EY4fOixElIx9\nsXI5q79cBUDl+nVMmfQqu3fqGjhVasWa28z40VUX06lLN0ZeeGnoOFk55rB9uHLkd/je5X9g3fqq\n0HFSy+AgSyGHpfN9Ss7vgGuBFttaQdJoYDRAx912y+nGy8rK+O1td3DC8YMS41wjz6N7jx453Ua+\nrFj6OTdfdzEbN9awceNGjh5yEv0GDAodK6VizT19yhs888TDdN2nBycfcygAl1//Y44cGM/sE24Z\nSf8D96LNTs2Z+4+f8bO7nueac4+lSeMynvv9JQC89d4nXPbzRwInTSV+B+FkZvlpWBoKHGdmF0s6\nCrjazIbW9ZkDD+xjk96cWtcqsTR9/hehIzQ4xXrf5wOOvy50hKxUfvAYG79amtMK1mv/A+35V95I\ne/0OrZtMq2vqsFzJZ0+xHzAsmqliB6ClpAfM7Ow8btM5V0Ti10/M45iimY0zsw5mtgdwBvAvL4jO\nuWQNcUzROee2KY6X+RWkKJrZq8CrhdiWc66IxK8mek/RORdODGuiF0XnXBgSBb1SJV1eFJ1z4cSv\nJnpRdM6FE8Oa6EXRORdODPeevSg650KJ58zbXhSdc0GIePYU6/Uks845lynvKTrngoljT9GLonMu\nGB9TdM65SOLk7dApvsmLonMuHC+Kzjn3Nd99ds65JHE80OKn5Djngsnl3fwkDZb0gaS5kq7PNpMX\nRedcODmqipJKgTuBIUB34ExJ3bOJ5EXROReMMvhfCgcBc81snpltAB4Bsrp5d6zGFKdPn7Z8x0Za\nkKfm2wDL89R2PnnuwivW7PnMvXuuG3x7+rQXmjZWmww+soOk5Nt9jjez8dHzcmBh0nuLgIOzyRWr\nomhmbfPVtqSphbg9Yq557sIr1uzFltvMBofOsDW+++ycqw8qgI5JrztEyzLmRdE5Vx9MAfaStKek\nxiRuq/xMNg3Favc5z8anXiWWPHfhFWv2Ys293cysWtIlwAtAKXCPmc3Kpi2ZWU7DOedcMfPdZ+ec\nS+JF0TnnknhRdK6ekOJ4JXHxqbdFUVI3SYdKahRdAlRUijRzF0l9JDUJnSUTknpIOlLSLqGzZErS\n4ZJGAJiZeWHcfvXy6LOkU4BfkDhPqQKYKuleM/sybLLUJHU1sw/NrEZSqZnVhM6UDklDSXznK4DP\nJN1kZh8GjpWSpCHAr4B5QCNJo8zss8CxUpJUAjQF/pB4qWZmdldUGEvMbGPgiEWr3vUUJTUCTgdG\nmdlA4GkSJ3VeJ6ll0HApRIVlhqSHAGoLY+BYKUk6DLgV+L6ZDQC+ALKepaRQJB0F3Aacb2YnARuA\nnkFDpcnMNprZGmACcDdwmKQrat8LGq7I1buiGGkJ7BU9fwp4DmgEnBXX3QtJzYBLgMuBDZIegOIp\njMCvzOzt6PlNwM5FsBv9OXChmb0laVcS18peIukPkr4X19+VLVST+KM/AThI0m8k3aKE+vrfd17V\nuy/NzKqA3wCnSOof/dV8HZgBHB40XB3MbC1wHvAQcDWJi983FcaQ2dLwJvAkbBoLbUJiAoGW0bJY\njtWZ2RwzeyV6OQr436jH+AbwPRITLMTd08BnZvYyMBX4AdDSErzHmIV6VxQjrwEvAiMkHWFmNWb2\nENAe6BU22raZ2WIzW2Nmy4ELgR1rC6OkAyTtHTbh1kXfb+14rYD/ACvNbJmk4cDNknYMlzA1M/u5\nmd0cPb+XREHvWOeH4mEd0E3SBSQK4i+B3SRdGDZW8aqXB1rMbL2kBwEDxkXFpBJoBywJGi5NZrYi\n+sW+VdL7JC5dGhA4VkpmVg2skbRQ0i3AscBIM1sXONo2SZIlXdol6bskflcWh0uVHjNbLGkh8CNg\njJk9K2kAMDdwtKJVry/ziy4M70ei17UeuC1p3KsoRIPn1wHHmNl7ofOkEo3DNQLmRP8ONLOPwqZK\nTzQGejZwJXC6mc0MHCktkjoC3zKzadFrP/q8Hep1UawVjXMV3RiLpNbAY8BVZvZu6DyZkDQSmJLt\nRfkhRGcuHAN8bGYfhM6TqS17vC47DaIoFjNJO5jZ+tA5MuX/gbpi5UXROeeS1Nejz845lxUvis45\nl8SLonPOJfGi6JxzSbwo1hOSaiTNkDRT0uOSmm5HW0dJei56PkzSNid3kLSTpIuz2MaPJV2d7vIt\n1rlX0vcy2NYekorinEMXnhfF+mOdmfU2s54kZnv5QfKb2U4QYGbPmNkv61hlJyDjouhcXHlRrJ9e\nA7pEPaQPJN0HzAQ6SjpW0huSpkc9yuYAkgZLel/SdOCU2oYkjZR0R/S8naSnJL0TPQ4jca1t56iX\nemu03jWSpkh6V9JPktq6UdKHkl4HuqX6ISRdELXzjqQntuj9fkfS1Ki9odH6pZJuTdq2X//rMuZF\nsZ6RVAYMAWovCdyLxOwvPYC1wA+B75jZASRmVblS0g7AH4ETgAOBXbfR/O3Av82sF3AAMIvEvIkf\nR73UayQdG23zIKA3cKCkIyQdSOJevL2B44C+afw4T5pZ32h7c0jMZFNrj2gbxwN3RT/DKGCVmfWN\n2r9A0p5pbMe5TerlhBAN1I6SZkTPXyMx8Wh7YIGZTY6WHwJ0ByZFUwU2JjFN1t7A/NprlKOZeUZv\nZRtHA+fApunMVkWXIiY7NnrUXmPenESRbAE8ZWZfRdtI50blPSXdTGIXvTmJe/rWeiy6bPMjSfOi\nn+FYYL+k8cZW0bZjPwO4iw8vivXHOjPrnbwgKnxrkxcBL5nZmVust9nntpOAW8zsD1ts4/Is2roX\nOMnM3omupT4q6b0tL8WyaNuXmlly8UTSHlls2zVQvvvcsEwG+knqAonZviV1Bd4H9pDUOVrvzG18\n/mXgouizpZJaAatJ9AJrvQCclzRWWS7pW8BE4CRJO0pqQWJXPZUWwJJooobhW7x3qqSSKHMn4INo\n2xdF6yOpqxIzmjuXNu8pNiDRpK8jgYf19a0CfmhmH0oaDfxN0lckdr9bbKWJscB4SaOAGuAiM3tD\n0qTolJe/R+OK+wBvRD3VNcDZZjZd0qPAO8BSYEoakX9EYlbvZdG/yZk+Bd4iMRnsD6I5NP9EYqxx\nejSF2TLgpPS+HecSfEII55xL4rvPzjmXxIuic84l8aLonHNJvCg651wSL4rOOZfEi6JzziXxouic\nc0n+P/+8Yb8q6fG4AAAAAElFTkSuQmCC\n",
      "text/plain": [
       "<matplotlib.figure.Figure at 0x1f41489d908>"
      ]
     },
     "metadata": {},
     "output_type": "display_data"
    }
   ],
   "source": [
    " acc = mt.accuracy_score(y_test,y_hat)\n",
    "            #         lr_clf_accuracies.append(acc)\n",
    "            #         cost_accuracies.append([acc])\n",
    "\n",
    "conf = mt.confusion_matrix(y_test,y_hat)\n",
    "plot_confusion_matrix(conf, classes=[0, 1, 2, 3, 4])"
   ]
  },
  {
   "cell_type": "code",
   "execution_count": 13,
   "metadata": {
    "collapsed": false
   },
   "outputs": [
    {
     "name": "stdout",
     "output_type": "stream",
     "text": [
      "Confusion matrix, without normalization\n",
      "[[ 3  7  0  2  1]\n",
      " [ 2 11  3  4  0]\n",
      " [ 5  2  5  8  5]\n",
      " [ 1  3  3  7  6]\n",
      " [ 0  1  3  3 13]]\n"
     ]
    },
    {
     "data": {
